	S0	S1	S2	S3	S4	S5	S6	S7	S8	S9	S10	S11	S12	S13	S14	S15	S16	S17	S18	S19	S20	S21	S22	S23	S24	S25	S26	S27	S28	S29	S30	S31	S32	S33	S34	S35	S36	S37	S38	S39	S40	S41	S42	S43	S44	S45	S46	S47	S48	S49
0	5	6	5	3	3	5	2	2	7	1	3	3	6	1	4	3	2	5	1	4	4	6	1	4	6	5	1	2	4	6	4	3	5	2	2	6	6	1	4	6	2	5	7	2	5	3	1	1	4	3
1	5	6	4	3	3	5	2	2	6	2	2	3	5	1	4	4	3	5	1	3	4	6	1	5	7	5	1	1	3	7	4	2	6	2	4	6	6	1	2	6	4	5	6	3	5	2	1	1	4	3
2	5	5	5	3	3	5	2	2	6	1	2	3	6	1	4	4	4	5	1	3	4	5	1	3	7	4	1	1	3	6	5	2	6	2	3	6	6	1	2	6	4	6	7	2	5	3	1	2	4	4
3	5	6	4	3	4	5	2	1	6	2	2	3	6	1	5	4	2	5	1	3	3	6	1	4	7	4	1	2	4	7	5	3	6	2	3	6	6	1	2	5	3	5	6	2	5	4	1	1	4	3
4	5	6	5	3	4	5	3	1	6	2	3	2	6	1	4	4	3	5	1	4	3	6	2	4	7	4	1	2	4	5	5	3	6	1	2	6	6	1	2	6	3	5	7	2	5	2	1	1	4	3
5	5	6	4	4	4	5	3	2	6	1	2	3	6	1	5	3	3	5	1	3	4	5	1	4	7	4	1	2	5	6	4	2	6	2	2	6	5	1	3	6	2	6	7	3	4	2	1	1	5	3
6	6	5	5	2	3	5	3	1	6	2	2	3	6	1	5	4	4	5	1	4	2	6	1	4	7	4	1	2	4	5	5	3	5	2	3	7	6	1	2	6	3	6	6	3	4	2	1	1	4	3
7	5	6	5	3	4	5	2	1	6	2	2	3	6	1	5	4	3	5	1	2	4	6	1	4	7	4	1	2	4	6	4	2	6	2	3	7	6	1	3	5	3	5	6	2	5	3	1	1	3	4
8	5	6	5	3	3	5	2	2	6	1	2	3	6	1	5	4	3	5	1	3	3	6	1	4	6	4	1	2	4	7	4	2	5	2	4	6	6	1	4	6	2	5	7	2	5	3	1	1	4	3
9	4	6	5	3	3	5	3	2	6	2	2	3	6	1	5	4	4	5	1	4	3	5	1	4	7	4	2	1	4	6	5	3	6	1	3	7	6	1	2	6	3	5	6	2	5	2	1	1	4	2
10	6	5	5	3	3	4	2	2	6	1	2	4	5	1	5	3	4	5	1	4	3	5	1	4	7	4	1	2	4	6	5	2	7	1	2	6	6	1	2	6	3	6	6	3	5	3	1	2	4	3
11	5	5	5	4	4	5	2	2	7	2	3	2	6	1	4	4	3	5	1	3	4	6	1	4	6	4	1	2	3	6	5	3	6	1	3	7	6	1	3	6	2	5	6	2	4	2	1	1	5	3
12	5	6	4	3	3	5	4	1	7	1	2	3	6	1	4	4	4	5	1	3	4	5	1	3	6	5	1	2	4	6	5	2	5	2	3	7	6	2	2	6	3	6	6	3	5	2	1	1	4	2
13	6	6	5	4	4	5	3	2	6	2	2	3	5	1	4	4	3	5	1	3	4	5	1	4	6	4	1	2	3	6	5	2	6	1	3	7	5	1	3	6	2	6	7	2	5	2	1	1	4	3
14	5	6	5	2	3	5	3	2	6	1	3	2	6	1	5	3	4	5	1	4	4	5	1	4	7	4	1	2	3	6	5	2	6	1	3	7	6	2	3	5	2	6	6	2	4	3	1	1	4	4
15	6	5	4	3	4	5	2	2	6	1	3	2	6	1	5	3	3	5	1	3	4	5	1	4	7	5	1	2	4	6	5	2	6	2	4	7	6	1	2	6	2	5	6	3	4	3	1	1	4	3
16	5	6	5	2	4	5	3	1	6	2	2	2	6	1	4	3	4	5	1	3	3	6	1	4	7	4	1	2	4	6	4	3	5	2	3	7	6	1	2	5	4	6	6	3	5	2	1	1	5	3
17	5	6	4	2	4	5	3	2	6	2	2	2	6	1	4	4	3	5	1	3	3	5	1	5	7	4	1	1	4	6	4	3	6	1	3	6	6	1	2	6	3	5	7	2	5	3	2	1	5	4
18	5	6	5	3	4	5	3	2	6	1	3	4	6	1	4	3	4	5	1	4	4	5	1	5	7	5	1	2	3	6	4	2	5	2	3	6	6	1	3	6	2	6	7	2	4	2	1	1	3	2
19	5	6	5	2	3	5	3	2	7	2	2	3	6	1	4	4	3	5	1	4	3	6	1	4	7	5	1	2	4	6	4	2	6	1	3	6	6	1	3	6	2	5	5	3	5	2	1	1	4	4
20	5	6	5	4	3	5	2	2	7	1	2	3	6	1	5	3	3	5	1	3	4	6	1	4	7	4	2	2	4	6	5	3	5	1	4	6	6	1	2	5	3	6	6	2	4	3	1	1	4	2
21	5	5	5	2	3	4	2	2	6	2	2	3	5	1	5	4	4	6	1	3	3	6	1	4	7	5	1	1	3	6	4	2	6	1	4	6	6	1	3	6	3	5	7	3	5	2	1	2	4	4
22	5	6	5	4	3	5	2	2	6	2	2	3	6	1	4	2	4	6	1	3	4	5	1	4	7	4	1	1	5	6	5	3	5	1	4	7	6	1	3	6	2	5	6	2	4	3	2	1	3	3
23	5	6	5	3	3	5	2	2	6	1	2	3	6	1	5	4	4	5	1	3	4	5	1	3	7	4	1	2	4	6	5	3	5	2	2	6	6	1	2	6	3	6	7	3	4	2	1	1	4	4
24	6	6	5	2	3	5	3	1	6	1	2	2	6	1	5	3	3	5	1	4	4	5	1	4	7	4	2	2	4	5	4	3	6	2	3	7	6	1	3	5	2	6	6	2	5	3	1	1	4	4
25	5	6	5	2	3	5	3	2	6	1	2	2	6	1	4	4	3	5	1	4	4	5	1	5	7	4	1	2	4	6	4	3	6	2	3	7	6	1	3	6	2	5	6	2	5	3	1	1	3	4
26	5	6	5	3	4	5	2	2	6	1	2	3	5	1	4	3	4	5	1	3	4	5	2	3	7	4	1	1	4	6	5	3	6	2	2	7	6	1	2	6	3	6	6	2	5	3	1	1	4	4
27	5	6	5	4	3	6	3	1	7	2	3	3	6	1	4	3	3	5	1	2	2	5	1	3	7	5	1	2	4	6	4	2	6	2	4	6	6	1	2	5	4	5	6	2	5	3	1	1	4	4
28	5	6	4	3	4	5	2	2	7	2	2	4	6	1	6	4	3	4	1	3	3	5	1	4	7	5	1	1	4	6	5	3	5	2	3	6	6	1	3	5	2	6	6	3	5	2	1	1	4	2
29	6	5	4	4	3	5	3	2	6	2	2	3	5	1	5	3	3	5	1	4	2	6	1	5	7	5	1	1	4	6	4	2	6	2	2	7	6	1	2	5	3	6	6	3	4	3	1	1	4	4
30	5	5	5	3	4	5	4	1	6	1	2	3	6	1	5	3	3	6	1	3	4	5	1	4	7	4	1	2	4	6	5	2	6	2	3	7	6	1	2	5	2	6	6	2	4	3	2	1	4	3
31	5	6	5	4	3	5	4	1	6	2	2	3	6	1	4	3	4	5	1	4	3	5	1	4	7	4	1	2	3	6	5	2	6	2	2	6	6	1	2	5	2	6	7	3	5	3	1	1	4	3
32	6	6	5	4	4	5	2	2	7	2	2	3	6	1	5	4	3	4	1	3	4	5	1	4	7	5	1	2	3	6	4	3	5	1	2	6	6	1	3	5	3	6	6	2	5	3	1	1	4	2
33	5	6	5	3	4	5	2	2	6	2	3	3	5	1	4	4	4	5	1	3	4	5	1	3	7	4	2	1	4	6	5	3	6	1	3	6	6	1	2	6	2	6	7	2	5	3	1	1	4	2
34	5	6	4	3	3	6	2	1	6	2	2	3	6	1	5	4	3	5	1	3	4	5	1	4	7	4	2	1	4	5	4	2	6	2	4	6	6	1	3	6	2	5	7	2	5	3	1	1	5	3
35	5	6	4	3	4	5	3	2	6	2	2	2	6	1	5	4	3	6	1	3	3	6	1	4	7	4	1	2	4	5	5	2	6	1	3	7	6	1	4	5	3	5	6	2	5	2	1	1	4	3
36	6	6	5	3	4	5	2	2	6	1	3	4	6	1	4	3	3	5	1	3	4	5	1	4	7	4	1	2	4	5	5	2	6	2	3	6	7	1	2	5	3	6	6	2	5	2	1	1	4	3
37	6	6	4	3	4	5	2	2	6	2	3	3	6	1	5	3	4	5	1	4	3	5	1	4	7	4	1	2	4	6	5	2	5	1	2	7	6	1	3	6	2	5	6	3	5	3	1	1	4	2
38	5	6	5	3	4	5	2	1	6	1	2	3	6	1	5	3	3	5	1	4	4	6	1	4	7	5	2	2	4	6	4	3	7	2	2	6	6	1	2	5	3	5	6	3	4	2	1	1	4	3
39	2	4	3	3	6	1	4	6	3	6	5	4	7	4	4	5	4	6	2	4	3	5	5	3	6	1	5	5	2	1	2	1	6	1	6	6	7	2	1	2	2	1	3	3	1	4	2	5	3	5
40	1	3	3	3	6	1	4	6	3	5	5	3	7	5	3	5	4	6	3	3	4	4	5	4	6	1	5	5	2	1	2	1	6	1	6	5	7	1	2	2	2	1	4	2	2	4	2	6	4	6
41	1	3	3	3	6	1	4	6	4	5	5	2	6	4	4	4	5	6	3	4	4	5	5	3	6	1	5	6	2	1	1	1	6	1	7	5	7	2	2	2	2	1	3	2	2	3	4	6	3	5
42	2	5	3	4	6	1	4	6	3	5	5	4	7	4	3	4	4	6	2	3	5	3	5	3	6	1	5	5	2	1	2	1	6	1	6	6	7	1	2	2	2	1	3	3	1	4	2	6	4	5
43	1	4	2	3	6	1	5	6	2	5	5	3	6	3	4	3	4	6	2	4	4	5	5	4	6	1	5	5	2	1	1	2	6	1	7	6	7	2	1	2	3	1	4	3	2	3	3	5	4	6
44	2	3	2	4	6	1	4	6	3	5	5	2	6	4	3	5	5	6	2	3	4	3	5	4	6	1	5	5	2	1	1	1	6	1	6	6	7	2	2	1	3	1	4	3	2	4	3	7	4	5
45	2	4	2	3	6	1	4	5	2	5	6	3	7	4	4	4	5	6	2	3	4	3	5	3	6	1	6	5	3	1	2	1	6	1	6	5	7	2	1	2	3	1	4	2	1	4	3	6	5	5
46	2	5	2	4	6	1	4	6	4	5	5	2	7	5	4	4	4	6	3	4	3	4	5	3	6	2	5	5	2	1	1	1	6	1	6	6	7	1	2	3	2	1	3	3	1	3	2	6	3	5
47	1	5	3	4	7	1	4	5	3	5	5	2	6	4	4	4	4	6	2	3	5	4	5	2	6	1	5	6	2	1	2	1	6	1	6	6	7	2	2	2	3	1	3	3	1	4	3	6	3	5
48	1	5	2	3	7	1	5	6	3	5	5	3	6	5	3	4	4	6	2	4	4	3	4	3	6	1	5	5	2	1	2	2	6	1	5	6	7	2	1	3	2	1	4	4	1	3	2	6	4	6
49	1	4	3	4	6	1	4	5	3	5	5	3	6	5	4	3	5	5	2	3	4	4	6	3	6	1	6	5	2	1	1	2	7	1	6	6	7	2	2	2	2	1	3	2	1	4	3	6	4	5
50	1	3	2	3	6	1	4	6	3	5	5	2	6	5	4	4	4	6	3	3	4	4	6	3	6	1	5	5	2	1	2	1	7	1	6	5	7	2	2	1	3	1	4	2	2	4	3	6	5	5
51	2	3	2	4	6	1	4	6	3	5	5	3	6	4	3	3	4	6	2	3	5	5	5	4	6	1	5	5	2	1	2	1	7	1	6	6	7	2	1	3	2	1	4	2	1	4	3	6	4	5
52	2	3	2	4	6	1	3	6	4	5	5	3	7	4	4	4	5	6	2	5	4	3	5	3	6	1	5	6	3	1	2	2	6	1	5	5	7	1	2	1	2	1	3	3	1	4	2	6	4	6
53	2	4	2	3	7	1	5	6	3	5	5	3	6	4	3	4	5	6	2	4	4	4	5	4	5	1	5	6	3	1	2	1	6	1	6	6	7	1	2	2	2	1	3	3	1	3	2	6	4	5
54	2	4	2	4	6	1	5	6	3	4	5	3	6	5	3	5	4	6	3	4	4	3	5	2	6	1	5	5	3	1	1	2	6	1	6	6	7	1	1	2	2	1	3	2	2	4	3	7	4	5
55	1	5	2	3	7	1	5	5	2	5	4	3	6	4	4	5	5	6	2	4	3	4	4	3	6	1	6	5	2	1	2	2	6	1	6	5	7	1	2	2	3	1	4	3	1	3	3	6	4	6
56	2	4	3	3	6	1	4	6	3	5	5	2	7	4	4	4	5	6	2	4	5	4	5	2	6	1	5	6	3	1	1	2	6	1	6	5	7	1	1	2	3	1	4	2	2	3	3	6	3	5
57	1	4	2	3	7	1	5	6	3	5	5	4	6	4	3	4	4	5	3	3	5	3	5	2	6	1	5	5	2	1	2	1	6	1	6	6	7	2	1	2	3	1	4	3	2	4	2	6	4	6
58	1	4	2	3	6	1	4	6	3	6	5	3	6	4	4	4	5	6	2	5	3	4	5	3	5	1	5	5	2	1	2	1	6	1	6	5	7	1	2	3	2	1	4	2	2	3	3	7	4	6
59	2	4	3	3	6	1	4	6	2	5	5	3	6	5	3	3	4	6	2	3	5	4	5	4	6	1	5	5	2	1	2	1	7	1	6	6	7	1	2	2	2	1	4	4	1	3	3	6	4	5
60	1	3	2	4	6	1	5	5	2	5	5	4	6	5	3	4	4	6	2	4	4	3	5	4	6	1	5	6	2	1	3	1	7	1	6	5	7	1	2	2	2	1	4	3	2	3	3	6	3	6
61	2	4	3	4	6	1	5	6	2	5	5	3	7	4	4	5	4	6	2	4	4	3	5	3	6	1	5	5	2	1	2	1	6	1	6	5	7	1	2	2	3	1	4	2	1	3	3	6	3	6
62	1	4	3	4	6	1	4	5	3	5	5	2	7	5	4	4	4	6	2	3	4	5	6	3	6	1	5	5	2	1	1	1	6	1	6	5	7	2	2	2	3	1	3	3	2	3	2	6	4	6
63	2	4	2	3	6	1	4	6	3	5	4	3	7	5	4	4	4	5	3	3	5	5	5	4	6	1	4	6	2	1	2	1	6	1	6	5	7	1	2	2	2	1	3	2	1	3	3	6	5	6
64	2	5	3	4	6	1	4	6	3	5	5	3	6	4	2	4	3	6	2	4	5	3	5	3	6	1	5	5	2	1	2	1	7	1	6	5	7	1	2	2	3	1	4	2	1	3	4	6	4	6
65	1	3	2	3	6	1	5	6	3	5	5	3	6	4	4	4	5	6	2	4	4	3	5	3	6	1	5	5	2	1	2	1	7	1	6	5	7	2	2	2	4	1	3	2	1	3	4	6	4	6
66	1	3	2	4	6	1	5	6	3	5	4	3	6	3	4	5	4	6	3	4	4	3	5	4	6	1	5	5	2	1	1	2	6	1	7	6	7	1	2	2	2	1	4	2	3	3	2	6	5	5
67	2	5	2	4	6	1	4	6	3	5	5	3	6	4	3	4	4	5	2	4	3	5	5	3	6	1	5	5	3	1	2	1	7	1	6	6	7	2	2	1	4	1	4	2	1	3	2	6	3	6
68	1	3	2	3	6	1	5	5	3	5	5	4	7	4	4	5	4	6	2	3	3	4	5	4	6	1	6	6	2	1	2	1	6	1	5	5	7	2	2	3	2	1	3	2	1	4	3	6	4	6
69	1	5	2	4	6	1	4	5	3	5	6	3	6	4	4	4	5	6	2	4	4	4	5	3	6	1	5	5	2	1	2	1	7	1	6	6	7	2	2	2	3	1	3	3	1	3	2	6	3	5
70	2	4	2	4	6	1	5	6	3	5	5	2	6	4	3	4	4	6	3	3	4	5	6	4	5	1	5	5	2	1	2	1	7	1	6	5	7	1	1	2	4	1	3	2	2	3	3	6	3	6
71	1	4	3	3	6	1	5	6	3	5	5	3	6	4	2	5	4	6	3	4	4	4	5	2	6	2	5	5	2	1	2	1	7	1	6	5	7	1	1	2	3	1	3	3	2	4	2	6	4	6
72	1	4	3	3	6	1	5	6	2	5	5	4	6	4	3	4	5	6	3	4	4	3	6	3	6	1	5	5	2	1	2	1	7	1	6	5	7	1	2	2	3	1	3	2	2	4	2	6	4	5
73	2	4	2	4	6	1	4	6	4	5	5	3	6	5	3	4	4	7	3	3	5	3	5	3	6	1	5	5	3	1	2	1	6	1	6	6	7	1	2	2	2	1	4	3	1	2	2	6	4	5
74	1	4	3	4	6	1	5	6	4	5	5	3	6	4	3	3	5	5	2	4	3	4	5	4	6	1	5	5	2	1	2	1	6	1	6	6	7	1	2	2	2	1	3	2	2	3	3	7	4	6
75	1	3	3	4	6	1	4	6	3	6	5	3	7	5	3	4	4	6	2	4	5	3	5	3	6	1	5	6	3	1	1	1	6	1	5	5	7	2	2	2	2	1	4	2	2	4	2	6	4	5
76	1	4	2	3	6	1	5	6	2	5	5	2	7	4	4	5	4	6	2	4	4	4	5	3	6	1	5	6	3	1	1	1	6	1	6	5	7	2	2	3	2	1	3	3	2	4	3	6	3	5
77	2	4	3	3	6	1	4	6	3	5	5	3	7	5	3	4	5	6	2	4	4	4	5	3	6	1	5	5	2	1	2	1	6	1	6	5	7	1	1	2	3	1	4	2	2	4	2	6	3	6
78	5	3	4	6	5	5	4	1	1	6	3	7	5	3	1	2	6	1	2	2	1	3	2	1	5	5	4	4	1	6	3	2	5	1	4	4	3	6	6	5	7	2	3	2	4	6	3	4	6	2
79	6	3	3	4	5	4	4	1	1	6	3	7	5	3	1	1	6	1	2	2	1	3	3	1	6	6	4	5	2	6	2	2	5	1	5	4	4	4	6	5	7	2	3	2	3	6	4	5	5	2
80	5	4	3	6	5	5	3	1	1	6	3	7	4	4	2	1	6	1	2	2	1	3	2	2	5	6	4	6	1	6	2	2	5	1	4	4	4	5	5	5	7	3	2	3	3	6	3	4	6	1
81	5	3	4	6	5	4	3	1	1	6	2	7	5	4	1	1	6	1	2	2	1	3	3	2	5	6	4	5	2	6	2	1	4	1	4	5	3	4	5	6	7	2	3	3	3	6	4	5	6	2
82	5	3	4	6	4	6	5	1	1	6	3	7	5	4	1	2	6	1	1	2	1	3	2	2	5	4	3	4	2	5	2	3	5	1	4	4	3	6	6	5	7	2	3	2	3	6	4	5	6	1
83	5	3	4	6	5	4	3	1	1	6	3	7	4	4	1	1	6	1	2	3	1	2	2	2	5	5	3	4	2	6	2	2	5	1	4	5	5	4	5	6	7	2	3	3	4	6	3	6	6	1
84	5	3	3	6	5	4	3	1	1	6	2	7	6	3	1	1	6	1	3	2	1	3	2	2	5	6	4	4	2	6	3	2	4	1	4	5	4	5	5	5	7	2	4	2	4	6	3	5	6	1
85	6	3	3	6	4	5	4	1	1	6	3	7	4	4	1	1	6	1	2	2	1	3	3	2	6	5	3	4	1	6	2	2	4	2	5	5	4	4	5	5	7	3	3	2	5	6	2	5	6	1
86	4	3	3	6	4	5	3	1	1	6	2	7	5	4	2	1	6	1	2	3	1	3	3	1	5	5	3	5	1	6	2	2	4	1	4	4	5	6	6	5	7	2	4	2	4	6	3	5	6	2
87	5	4	5	5	4	5	4	1	1	6	3	7	4	3	1	2	6	1	2	2	1	3	2	1	6	4	3	6	1	6	3	2	4	2	5	4	5	4	5	6	7	2	3	2	3	6	3	5	6	1
88	6	3	3	6	5	5	4	1	1	6	3	7	4	4	1	2	6	1	2	1	1	3	2	1	4	5	3	6	2	6	2	2	5	2	4	5	5	4	5	6	7	2	4	3	3	5	3	4	6	1
89	6	3	3	5	5	4	3	1	1	6	3	7	4	4	1	1	6	1	2	2	1	3	3	2	6	5	3	5	2	6	2	2	4	1	5	4	4	5	5	6	7	2	4	2	4	6	3	5	6	1
90	5	3	4	6	4	4	3	1	1	6	3	7	4	3	1	1	6	1	2	2	1	3	2	2	5	4	3	6	2	6	3	2	5	1	5	5	4	5	5	6	7	2	3	2	4	6	4	5	6	1
91	5	3	3	5	4	5	4	1	1	6	3	7	4	3	2	2	6	1	2	2	1	3	2	1	6	5	3	6	1	6	2	1	4	2	5	5	4	4	6	5	7	2	3	3	4	6	4	5	6	1
92	6	4	3	5	3	5	3	1	1	6	3	7	4	4	2	1	6	1	2	2	1	4	2	2	5	6	3	4	1	5	2	3	5	1	5	4	4	5	6	5	7	2	4	2	3	6	3	6	6	1
93	5	4	3	6	5	5	5	1	1	6	2	7	5	3	1	1	6	1	2	2	1	3	3	1	5	5	4	4	2	6	2	2	4	2	4	4	4	4	5	6	7	2	3	3	3	6	3	6	6	1
94	6	3	4	5	5	5	4	1	1	6	3	7	5	3	1	2	6	1	1	2	1	2	2	2	5	4	3	5	2	6	3	1	3	1	5	4	4	4	5	6	7	3	4	2	4	6	3	6	6	2
95	5	3	4	6	5	5	4	1	1	6	2	7	5	3	1	2	6	1	2	2	1	3	2	1	5	6	3	4	2	6	2	3	4	1	5	4	4	4	5	5	7	2	3	3	4	6	3	6	6	1
96	5	4	4	6	5	3	3	1	1	6	2	7	4	3	1	1	6	1	2	3	1	3	3	2	6	4	3	6	1	6	2	2	4	2	5	5	5	4	5	5	7	2	3	2	4	6	4	5	6	1
97	6	4	3	5	5	4	5	1	1	6	2	7	4	4	1	1	6	1	2	2	1	3	2	2	5	5	3	4	1	6	2	2	4	1	6	3	5	4	6	5	7	3	3	3	3	6	4	5	6	2
98	6	4	3	6	5	4	4	1	1	6	2	7	5	4	1	2	6	1	2	2	1	3	3	2	4	4	3	6	1	6	3	2	5	1	4	5	4	5	5	6	7	2	3	2	3	5	3	5	6	1
99	6	3	4	5	5	5	3	1	1	6	3	7	4	3	2	1	6	1	2	2	1	3	2	2	6	5	4	4	1	5	2	2	4	1	4	4	5	5	5	6	7	2	3	3	4	6	3	6	6	1
100	6	3	3	6	4	4	4	1	1	6	3	7	5	3	1	2	6	1	2	2	1	4	3	1	5	5	3	5	2	5	2	2	4	1	4	5	5	4	6	6	7	2	3	2	3	6	4	5	6	1
101	5	3	3	5	5	5	3	1	1	6	2	7	4	4	2	1	6	1	2	2	1	3	2	1	4	6	3	5	2	6	3	2	4	1	6	4	5	5	5	6	7	2	4	3	3	6	4	4	6	1
102	6	4	3	6	4	5	3	1	1	6	2	7	4	4	2	1	6	1	1	2	1	2	3	2	5	4	4	5	1	6	2	2	5	1	5	5	4	4	5	5	7	3	3	3	3	6	3	6	6	2
103	5	3	3	6	5	4	4	1	1	6	2	7	5	4	2	1	6	1	2	3	1	3	2	2	6	5	3	5	2	6	2	1	4	1	5	4	3	5	6	5	7	2	4	3	4	6	3	4	6	1
104	5	3	4	5	4	5	3	2	1	6	3	7	4	4	1	1	6	1	2	2	1	3	3	2	6	6	3	5	1	6	2	1	4	1	5	4	4	5	6	5	7	2	3	2	4	6	3	5	6	2
105	5	3	4	5	5	4	3	1	1	6	2	7	4	3	1	2	6	1	2	2	1	3	2	1	5	6	4	4	1	6	3	2	5	2	6	5	4	5	6	5	7	3	3	2	3	6	4	4	6	1
106	4	4	3	5	5	5	4	1	1	7	2	7	5	4	1	1	6	1	2	3	1	3	3	2	5	5	3	6	1	6	2	2	4	1	4	4	3	5	6	6	6	2	4	2	3	6	3	5	6	2
107	4	4	3	5	4	4	3	1	1	6	3	7	5	3	1	1	6	1	1	3	1	3	2	1	5	5	3	4	2	6	2	2	5	2	5	5	4	5	6	6	7	2	4	2	4	6	3	6	6	2
108	5	3	3	4	5	5	4	1	1	6	2	7	5	4	1	2	6	1	2	3	1	3	3	1	5	4	3	5	2	6	2	1	4	2	4	6	5	4	5	6	7	2	3	2	3	6	4	6	6	1
109	6	3	3	4	5	5	3	1	1	6	2	7	6	4	1	2	6	1	2	1	1	3	3	1	5	5	4	4	2	6	3	2	5	1	4	5	3	5	6	5	7	2	2	3	4	6	4	4	6	2
110	5	4	3	6	5	5	4	1	1	6	2	7	4	3	1	1	6	1	1	2	1	3	2	2	5	4	3	6	1	6	3	2	4	2	4	5	3	5	5	6	7	2	4	3	3	6	4	5	6	2
111	5	2	3	6	4	4	3	1	1	6	3	7	4	4	2	1	6	1	1	2	1	4	3	2	5	5	3	4	1	5	3	2	5	1	6	4	4	5	5	6	7	2	3	3	5	6	2	6	6	2
112	5	4	4	5	5	6	3	1	1	7	2	7	4	3	1	1	6	1	2	2	1	3	2	2	4	5	3	4	2	6	3	2	6	1	5	5	4	5	5	6	6	3	3	2	4	6	3	4	6	1
113	6	3	4	6	3	5	4	1	1	6	3	7	5	5	1	2	6	1	2	2	1	2	3	2	4	5	3	5	2	6	2	1	4	1	5	4	4	4	5	5	7	3	3	2	3	6	4	6	6	1
114	4	4	4	5	5	4	3	1	1	6	2	7	5	3	1	2	6	1	2	2	1	3	3	2	6	5	4	4	1	6	3	2	4	1	5	5	4	5	6	6	7	2	3	2	3	6	3	5	6	1
115	5	3	3	5	5	4	3	1	1	6	2	7	4	4	2	1	6	1	2	2	1	4	3	2	5	5	4	6	2	6	2	1	4	1	4	5	3	5	6	6	7	2	3	3	4	6	3	6	5	1
116	6	3	4	5	4	5	3	1	1	6	2	7	5	4	1	1	6	1	3	2	1	3	3	2	6	5	3	5	1	6	2	2	5	1	4	4	4	4	5	6	7	2	4	2	3	6	3	5	6	2
117	4	6	1	2	2	1	1	5	2	3	3	1	5	4	2	6	2	5	1	6	1	1	2	4	1	6	7	2	6	5	4	5	5	4	3	6	3	3	6	5	4	3	5	7	2	4	3	6	4	3
118	5	6	1	2	3	1	1	4	3	5	2	1	5	3	1	6	4	4	2	6	2	1	4	3	1	6	7	1	6	5	4	5	6	2	2	6	3	4	6	5	4	2	5	7	3	3	3	5	4	2
119	5	6	1	1	3	1	1	4	4	3	1	1	4	3	1	6	3	5	2	6	2	2	4	4	2	6	7	1	7	5	3	5	6	4	2	6	3	4	5	5	5	4	5	6	2	3	2	6	3	2
120	5	6	1	1	3	1	2	5	3	4	2	1	4	4	1	7	3	5	2	5	1	1	3	4	2	6	7	1	6	5	2	6	5	2	3	6	2	4	6	5	4	3	5	6	2	3	3	6	4	4
121	4	6	1	1	4	1	1	4	2	5	3	1	3	4	1	6	3	5	2	6	2	1	2	4	2	6	7	1	6	6	3	5	5	4	2	6	3	4	6	5	5	3	5	7	2	3	2	5	4	3
122	4	6	1	1	2	1	1	3	2	5	2	1	3	3	1	6	3	4	2	6	2	2	3	5	1	6	6	1	6	5	2	5	5	4	4	7	4	3	6	4	6	2	5	7	3	5	3	5	4	4
123	5	6	1	1	3	1	1	5	3	4	2	1	4	2	1	6	2	4	1	6	2	2	4	4	2	6	7	1	6	5	2	5	5	3	3	6	3	5	6	5	5	3	4	7	3	3	2	6	4	4
124	4	6	1	1	3	1	1	4	2	5	2	1	4	4	1	5	2	5	2	6	2	1	3	3	1	6	7	2	7	6	3	5	5	3	2	6	3	4	6	5	4	4	5	6	2	5	3	6	4	3
125	5	6	1	1	2	1	1	4	3	4	2	1	5	2	2	6	3	5	1	6	2	3	4	4	1	6	7	1	6	5	3	4	5	4	2	6	3	5	6	5	4	3	5	7	3	4	2	6	3	2
126	4	5	1	1	3	1	1	4	2	4	3	1	4	4	1	6	3	5	2	6	2	2	4	5	2	6	6	1	7	6	3	5	5	2	4	6	2	4	6	5	5	3	5	7	1	3	2	6	3	3
127	5	6	1	1	3	1	1	5	3	4	3	1	4	2	1	6	3	5	1	6	2	2	2	3	2	6	6	1	7	5	4	5	5	3	4	6	4	4	6	4	5	2	5	7	2	3	3	6	4	2
128	5	6	1	1	2	1	1	4	2	3	2	1	4	2	1	6	3	5	1	6	3	2	4	4	2	6	7	1	6	5	2	5	5	3	3	6	3	4	6	6	5	3	5	7	3	4	2	5	4	4
129	5	6	1	1	4	1	1	4	2	3	3	1	4	3	1	6	4	5	2	6	2	2	3	4	1	6	7	1	7	6	2	5	5	3	4	6	3	4	5	5	5	4	5	6	2	2	2	6	3	3
130	4	6	1	1	3	1	1	3	4	4	2	1	5	2	1	6	2	5	2	6	3	2	4	4	1	5	7	1	7	6	2	6	6	3	4	6	3	4	5	5	5	4	5	6	3	3	3	5	2	2
131	5	6	1	1	3	1	1	4	2	5	2	1	4	2	1	6	3	4	1	6	3	2	4	4	1	5	7	2	6	5	3	5	6	3	3	6	4	3	6	5	5	2	5	7	2	4	3	6	4	2
132	5	6	1	1	3	1	2	4	3	5	1	1	4	2	2	6	3	5	2	6	2	1	3	3	1	6	7	1	6	6	4	5	5	3	4	6	3	3	6	4	5	4	5	7	2	4	2	5	4	2
133	5	5	1	1	3	1	1	4	3	5	2	1	4	4	1	6	2	4	1	6	2	2	3	4	1	6	7	2	7	6	3	5	6	3	2	6	3	5	6	5	5	3	4	6	2	4	2	5	4	3
134	5	6	1	2	3	1	1	5	2	3	2	1	3	4	1	7	2	5	1	6	2	2	4	4	1	6	7	1	6	5	4	6	4	2	3	6	3	5	5	5	4	3	5	6	3	4	2	6	3	4
135	5	5	1	2	3	1	1	5	2	4	2	1	3	2	1	6	4	5	1	6	2	1	3	5	1	6	6	2	7	6	4	4	5	4	2	6	4	4	6	5	5	3	4	7	3	3	2	6	3	3
136	4	6	1	1	2	1	1	5	3	3	2	1	4	4	1	6	3	4	2	5	2	1	2	3	1	7	6	2	6	6	3	6	5	3	4	6	4	4	6	5	5	5	5	7	3	3	2	5	2	4
137	5	5	1	1	3	1	1	4	3	4	3	1	4	4	2	6	4	5	1	6	3	2	4	4	1	6	7	1	7	6	2	5	6	4	3	6	2	3	6	5	5	3	5	6	2	3	2	5	2	2
138	5	6	1	2	3	1	1	4	4	4	2	1	5	2	1	6	4	5	2	6	1	3	2	3	1	5	6	1	7	6	2	5	5	3	3	6	3	4	6	5	5	3	4	7	2	3	2	6	4	4
139	5	6	1	2	2	1	1	3	2	3	1	1	4	3	1	6	2	5	2	6	3	2	3	4	1	6	7	1	7	5	3	5	5	4	4	6	4	4	6	5	5	3	5	6	2	4	2	6	4	3
140	5	6	1	1	2	1	1	4	2	5	3	1	4	2	1	6	4	4	1	6	2	2	4	3	2	6	6	1	7	6	3	5	5	2	3	6	3	4	5	5	5	4	5	7	3	4	2	6	3	3
141	5	6	1	1	3	1	1	4	4	3	2	1	5	2	1	6	3	5	2	5	1	3	2	4	2	6	6	1	7	6	3	5	5	2	2	6	3	4	6	5	5	4	4	7	2	4	3	6	4	3
142	5	6	1	1	2	1	1	4	2	4	3	1	4	3	1	7	3	5	2	6	2	3	2	3	2	6	7	2	6	6	4	5	5	3	2	6	4	5	6	5	4	4	5	6	1	3	1	5	4	3
143	5	6	1	1	3	1	1	4	2	4	3	1	4	2	2	6	3	5	1	5	2	1	3	3	1	6	6	2	7	5	4	6	5	4	2	6	4	4	6	5	5	2	5	7	3	4	2	6	3	3
144	4	6	1	1	3	1	1	5	3	3	2	1	4	2	1	6	4	4	2	6	3	2	4	5	1	5	7	1	7	6	3	5	5	3	3	6	2	4	6	5	5	4	5	6	3	2	2	6	2	4
145	5	5	1	1	3	1	1	4	3	4	3	1	4	2	1	7	3	5	2	6	2	2	2	4	1	6	6	1	6	5	2	5	6	2	4	6	3	4	6	5	5	4	5	7	3	2	3	6	3	4
146	5	6	1	1	2	1	1	3	3	4	2	1	5	3	1	6	3	4	2	6	2	2	3	4	1	5	7	1	6	6	4	6	5	2	4	6	3	5	5	4	5	4	5	7	2	3	2	6	3	4
147	5	6	1	1	4	2	1	4	3	4	2	1	3	4	1	6	2	5	1	6	2	1	3	4	2	6	7	1	6	5	2	5	5	3	4	6	3	3	6	5	5	3	5	7	2	4	2	6	4	3
148	5	5	1	1	3	1	1	5	3	4	2	1	4	2	2	6	2	4	1	6	2	2	3	4	1	6	7	1	6	6	4	5	5	3	3	6	3	5	6	4	5	2	5	7	3	4	2	6	4	3
149	5	7	1	1	4	1	1	4	3	3	2	1	3	4	1	6	4	5	2	6	2	2	2	5	1	6	6	1	7	6	3	5	4	3	3	6	4	4	5	5	5	4	5	6	2	3	3	6	2	2
150	5	6	2	1	3	1	1	5	2	4	1	1	3	2	1	6	4	4	2	6	2	2	3	4	1	6	7	1	6	6	3	5	5	3	4	6	3	4	6	5	5	4	5	7	2	3	2	5	3	4
151	5	5	1	1	2	1	1	4	2	4	2	1	5	3	1	6	2	5	2	6	2	1	3	4	1	6	7	2	6	5	3	5	6	3	4	6	3	4	6	4	5	3	5	7	2	4	3	6	4	3
152	5	6	1	1	2	1	1	4	3	4	2	1	3	2	1	6	3	5	2	6	2	2	3	4	1	7	7	1	6	5	2	6	5	4	4	6	4	5	6	5	5	3	4	6	3	3	2	5	3	4
153	4	6	1	1	2	1	1	4	2	4	2	1	5	3	2	6	2	4	2	6	3	1	3	5	1	6	7	1	7	5	3	6	5	2	4	6	4	3	5	5	5	4	5	6	2	3	3	6	4	3
154	5	6	1	2	3	1	1	5	3	4	1	1	4	3	1	6	3	4	1	6	2	2	4	3	2	6	7	1	7	5	2	5	6	4	3	6	2	5	6	4	5	3	5	6	2	3	2	5	4	4
155	5	7	1	1	2	1	1	4	2	5	2	1	4	4	2	6	3	5	2	6	1	2	2	4	1	6	7	1	6	5	4	5	6	3	3	6	3	4	6	4	5	4	5	6	2	3	3	5	3	3
156	2	1	3	1	5	6	7	5	7	4	4	1	3	2	1	2	3	2	1	4	3	3	4	4	3	3	5	1	3	5	5	2	6	2	4	2	5	6	6	4	2	4	1	6	6	6	6	5	1	5
157	3	1	3	1	5	6	7	4	7	3	5	1	3	3	1	1	4	2	1	5	1	4	5	4	4	5	5	2	3	4	4	2	6	2	3	2	6	6	6	3	2	2	1	5	6	6	6	4	2	5
158	2	1	4	2	5	6	7	4	7	4	4	1	3	2	1	2	3	2	1	4	1	5	5	5	3	4	6	1	3	6	5	3	6	3	3	2	5	5	6	3	2	2	1	5	6	6	6	4	1	4
159	3	1	3	2	4	6	7	5	7	5	5	1	3	2	1	1	4	2	1	3	2	4	4	4	5	3	6	1	2	5	4	2	6	2	4	1	6	5	6	3	3	4	1	6	5	6	6	3	2	5
160	3	1	3	1	5	6	6	4	7	4	5	1	3	2	1	2	4	2	1	4	2	5	5	4	4	5	6	1	3	5	5	3	5	2	4	2	6	4	6	3	2	2	1	6	6	6	7	3	1	3
161	3	1	4	1	4	6	7	5	7	3	5	1	3	2	1	2	4	2	1	4	2	3	4	5	5	4	5	2	3	5	6	2	6	2	4	1	6	5	6	2	3	3	1	5	6	6	6	3	1	4
162	2	1	4	2	5	6	7	4	7	4	4	1	4	2	1	1	3	2	1	5	3	3	4	5	5	4	6	1	3	5	5	2	6	2	3	2	6	5	6	3	2	3	1	6	5	6	6	4	1	3
163	3	1	3	1	5	6	7	4	7	4	4	1	3	2	2	2	5	1	1	5	1	4	5	3	4	3	5	2	3	5	6	3	6	2	4	2	5	5	6	3	2	2	1	6	6	6	6	4	1	4
164	3	1	3	3	5	6	6	4	7	3	5	1	2	1	2	1	5	2	1	4	3	4	5	4	4	3	5	1	2	5	6	3	6	2	4	2	5	4	6	3	2	2	1	6	6	6	7	4	1	5
165	3	1	4	3	6	6	6	3	7	4	5	1	2	3	2	1	4	3	1	3	2	3	5	4	4	4	5	1	2	5	6	2	6	2	4	2	6	4	6	3	1	2	1	5	5	6	7	5	1	5
166	2	1	4	1	5	6	7	5	7	5	5	1	2	2	1	2	3	2	1	3	3	4	4	4	4	3	5	1	2	5	5	2	6	3	4	2	6	5	6	3	3	4	1	6	6	6	6	3	1	4
167	3	1	3	2	6	6	7	5	7	4	5	1	3	2	2	1	4	2	1	3	2	4	4	4	3	4	5	1	3	5	6	3	6	2	4	1	6	6	5	2	2	3	1	5	5	6	6	4	1	5
168	3	1	3	2	5	6	7	4	7	5	5	1	2	3	1	1	5	2	1	4	2	4	4	4	4	4	6	1	3	5	5	2	6	1	3	2	6	5	6	3	2	3	1	6	5	6	6	3	2	4
169	3	2	4	1	5	6	6	3	7	4	5	1	2	2	1	2	3	2	1	4	3	3	5	4	4	5	6	1	3	5	6	2	5	2	4	1	5	6	6	3	3	2	1	5	6	6	7	4	1	4
170	2	1	4	2	5	6	7	3	7	4	5	1	2	3	2	1	3	1	1	5	2	3	4	5	4	4	6	1	3	5	4	3	5	2	5	2	6	6	6	3	2	3	1	6	5	6	6	4	1	4
171	3	2	4	2	4	6	7	4	7	5	4	1	2	2	1	1	4	2	1	3	2	3	6	3	3	5	5	1	3	5	5	3	6	2	4	1	6	5	6	4	2	3	1	5	6	6	6	4	1	5
172	2	1	3	2	5	6	7	4	7	4	5	1	2	3	1	2	3	1	1	3	2	5	4	4	3	5	4	1	3	6	6	3	6	2	4	2	5	6	6	3	2	4	1	5	5	6	6	4	1	5
173	2	1	3	2	5	6	6	4	7	4	4	1	3	1	1	2	4	2	1	5	2	4	5	4	4	4	5	1	3	5	5	3	6	3	3	2	6	5	6	3	2	2	1	6	6	6	7	3	1	5
174	2	2	3	1	5	6	6	5	7	3	4	1	4	2	1	2	5	1	1	6	2	5	4	4	3	3	6	2	2	5	4	3	6	3	5	1	6	4	6	3	2	3	1	5	5	6	7	4	1	4
175	3	1	4	2	4	6	6	3	7	3	4	1	3	2	1	2	4	2	1	5	1	4	5	3	5	5	4	1	2	5	6	3	5	2	3	2	6	6	6	3	2	4	1	6	5	6	7	4	1	5
176	2	1	3	2	5	6	7	4	7	3	4	1	3	2	1	1	5	2	1	5	2	4	4	4	3	5	5	1	2	6	6	3	6	3	3	2	5	5	6	4	2	3	1	6	5	6	6	4	1	4
177	3	2	3	1	4	6	6	3	7	4	5	1	3	3	1	2	4	2	1	4	2	5	5	4	4	5	5	1	2	5	5	3	6	2	3	1	6	4	6	3	1	2	1	6	6	6	7	4	2	5
178	3	1	4	2	6	6	6	5	7	3	4	1	2	2	2	1	5	1	1	4	3	5	5	4	3	3	5	1	2	5	4	2	6	2	4	3	5	6	6	4	3	2	1	6	5	6	7	3	1	4
179	3	1	4	2	5	6	7	4	7	4	5	1	2	3	2	2	4	2	1	4	1	4	5	5	3	4	6	1	3	6	5	3	6	2	3	1	6	4	5	3	2	2	1	5	6	6	6	3	1	5
180	3	1	4	1	5	6	7	3	7	4	4	1	2	3	1	1	3	2	1	4	2	5	5	4	3	4	5	2	2	6	5	3	6	2	4	2	6	5	6	3	2	3	1	6	5	6	6	5	1	4
181	2	1	4	2	4	6	6	4	7	5	4	1	3	2	2	1	5	2	1	4	2	3	3	4	5	5	6	1	2	6	4	3	6	1	5	3	5	5	6	3	2	3	1	5	6	6	7	3	1	4
182	3	1	3	2	6	6	7	4	7	5	5	1	3	2	1	1	4	2	1	4	2	5	4	4	3	5	5	1	2	5	5	3	6	2	4	2	6	4	6	3	2	3	1	5	6	6	6	4	1	3
183	3	2	5	1	4	6	6	5	7	5	3	1	2	1	2	1	3	2	1	4	2	4	5	4	3	4	6	1	2	5	4	3	6	2	4	3	6	5	6	3	2	4	1	5	6	7	6	3	1	5
184	2	1	5	1	5	6	7	4	7	3	4	1	2	2	1	2	5	2	1	4	3	4	5	5	4	4	5	1	3	4	6	2	5	2	4	3	6	5	6	3	2	3	1	6	6	6	6	3	1	3
185	2	1	4	2	4	6	6	5	7	5	4	1	3	3	1	2	5	1	1	4	2	5	3	3	4	4	6	2	2	6	5	3	6	2	4	2	6	4	6	3	1	3	1	5	5	6	7	3	1	5
186	3	2	4	2	5	6	6	3	7	5	5	1	2	3	2	1	3	2	1	5	1	4	5	4	4	4	5	2	2	5	6	3	5	2	3	1	6	4	6	3	1	3	1	6	6	6	7	4	1	4
187	2	1	3	2	5	6	6	4	7	4	5	1	2	2	1	1	3	3	1	4	3	3	5	4	4	4	6	2	3	5	5	3	6	1	4	2	6	5	6	2	2	3	1	6	5	6	7	5	1	4
188	2	2	4	1	5	6	7	4	7	5	5	1	3	3	1	2	4	2	1	4	1	3	4	3	3	5	6	2	3	4	5	2	6	1	3	2	6	5	6	4	3	2	1	6	5	6	6	5	1	4
189	2	1	4	2	5	6	7	3	7	5	4	1	2	2	1	2	3	3	1	5	2	3	4	4	4	5	4	1	3	5	6	3	6	2	3	2	6	5	6	4	1	3	1	5	6	6	6	5	1	4
190	3	1	4	2	6	6	6	5	7	5	4	1	3	2	2	1	4	2	1	4	2	5	4	3	3	4	5	1	2	6	5	2	6	2	4	3	5	5	6	3	1	3	1	6	5	6	7	3	1	4
191	2	1	3	1	5	6	6	5	7	4	4	1	2	2	2	2	4	3	1	3	3	4	4	4	3	4	6	1	3	5	5	2	6	2	3	1	6	5	6	4	3	2	1	6	5	6	7	5	1	5
192	3	1	4	2	4	6	6	3	7	3	4	1	3	2	1	1	3	2	1	4	2	3	4	5	5	4	5	2	3	6	5	2	6	2	5	2	6	5	6	4	1	3	1	6	5	6	7	5	1	4
193	2	2	3	1	5	6	6	3	7	3	5	1	3	3	2	1	3	1	1	5	2	5	4	4	4	3	6	2	2	6	5	3	6	2	4	2	6	5	6	4	1	4	1	5	4	6	7	4	1	5
194	3	1	4	2	5	6	7	4	7	4	5	1	2	2	1	1	5	2	1	5	2	3	4	3	4	4	5	1	2	6	6	3	5	2	3	2	6	5	6	4	3	3	1	5	6	6	6	3	1	4
195	7	5	5	3	6	1	3	4	4	2	4	7	5	6	3	4	1	2	3	3	4	5	4	1	2	6	6	4	5	6	1	2	5	4	1	5	3	2	2	1	1	2	2	6	3	5	6	6	1	3
196	7	5	4	2	7	2	4	3	5	3	4	6	5	6	4	4	1	3	2	4	5	3	3	1	2	6	6	3	5	6	1	2	3	5	2	5	4	1	2	1	1	1	2	6	4	5	6	6	1	3
197	7	6	6	3	6	1	4	3	4	2	4	7	4	6	3	4	1	3	2	3	5	4	5	1	2	6	5	3	6	6	1	2	4	3	1	5	2	2	1	2	1	3	1	6	5	4	5	5	2	5
198	7	6	5	2	6	2	4	3	5	2	5	6	5	5	4	4	1	2	2	2	3	3	4	1	3	7	6	4	6	6	1	1	3	4	1	5	3	2	1	3	2	1	3	6	5	4	5	6	1	4
199	7	6	5	3	6	2	4	2	5	1	5	6	5	6	4	3	1	4	2	3	4	4	3	1	2	7	6	3	6	6	1	2	4	3	2	4	3	2	1	3	1	2	1	5	5	4	5	6	1	5
200	7	5	5	2	6	1	3	3	4	3	5	7	6	6	4	3	2	2	2	4	5	4	4	1	3	6	6	3	6	5	2	2	4	3	1	5	3	1	1	1	1	2	2	6	5	4	6	5	1	4
201	7	6	5	3	7	1	3	2	4	2	5	6	5	6	3	5	2	4	2	4	4	4	4	1	2	6	6	3	5	6	1	2	3	3	1	4	3	2	1	2	1	3	1	6	4	5	6	5	1	5
202	6	5	6	4	7	2	3	2	5	1	5	7	5	5	4	4	1	3	2	4	4	3	4	2	3	6	6	3	6	6	1	1	3	3	1	4	2	1	1	1	2	2	2	5	5	5	6	6	3	4
203	7	5	5	3	6	1	3	3	4	2	5	7	6	6	4	4	1	3	1	3	5	5	4	1	2	6	6	2	5	6	1	2	3	4	1	4	3	1	1	2	2	2	3	6	5	4	5	6	2	4
204	7	5	6	4	6	2	3	2	4	2	4	6	6	6	3	3	1	2	3	3	5	4	4	1	3	7	5	4	5	6	1	1	4	3	2	5	3	1	1	2	1	1	2	6	4	5	5	6	2	5
205	7	6	6	3	6	2	2	3	6	2	4	7	4	6	3	3	1	3	2	2	5	4	5	2	3	6	5	4	6	5	1	1	4	4	1	4	3	1	1	3	2	1	1	6	5	5	5	5	2	4
206	7	5	5	3	7	2	2	3	5	1	5	6	5	6	3	4	1	2	3	4	4	4	5	1	2	6	6	3	5	6	1	1	4	3	2	5	3	1	2	1	1	2	2	6	4	4	6	6	3	4
207	7	5	5	3	6	2	3	2	5	1	4	7	6	6	4	3	1	2	3	3	4	5	4	1	2	6	6	3	6	5	2	1	4	4	1	4	3	1	1	2	2	1	2	6	5	5	5	6	3	4
208	6	6	5	3	7	1	3	2	4	2	5	6	5	6	3	4	2	3	2	3	4	5	3	1	2	7	5	4	5	6	1	3	4	4	2	6	3	1	2	2	1	1	1	6	5	4	6	5	1	4
209	7	5	6	3	6	2	3	2	6	2	4	7	4	5	5	4	1	3	2	3	4	4	4	1	3	6	5	3	5	6	1	1	4	3	1	5	2	1	1	1	2	2	2	6	5	4	6	6	3	5
210	7	5	6	3	6	1	4	3	4	3	3	7	4	6	4	5	2	2	2	3	5	3	5	2	2	6	6	4	5	6	1	1	5	3	2	4	3	2	1	1	1	2	1	6	4	5	6	5	1	4
211	7	6	6	2	7	1	4	3	5	2	5	6	4	6	3	4	1	4	2	3	5	3	4	1	3	6	6	3	5	5	1	2	3	3	2	4	4	2	1	2	1	1	1	6	5	5	5	6	2	4
212	7	6	5	1	6	1	2	2	5	3	4	7	4	6	5	5	1	2	3	2	5	3	3	1	3	6	6	4	5	6	1	3	4	4	2	4	4	1	1	2	2	2	3	6	4	5	5	6	1	3
213	7	6	6	3	7	2	3	2	4	1	4	6	5	6	5	4	1	3	2	3	3	4	4	1	3	6	5	4	6	5	1	2	3	5	2	4	2	2	1	1	1	2	1	6	5	4	6	5	3	5
214	7	5	6	2	6	1	3	2	5	3	4	7	5	5	4	4	2	3	2	2	5	4	3	1	3	6	6	4	5	6	1	2	3	4	1	5	3	2	1	1	1	2	3	6	4	5	6	6	1	4
215	7	6	5	2	6	1	4	3	4	3	5	6	5	6	4	4	1	3	2	2	4	3	4	1	3	7	6	3	5	6	1	1	5	4	3	5	2	2	1	2	2	1	2	6	5	4	6	5	1	3
216	7	6	5	2	6	3	3	3	4	2	4	7	5	5	3	5	2	2	2	4	5	4	5	1	4	6	6	3	6	6	1	1	3	4	2	4	3	1	1	2	1	1	2	6	3	4	5	6	1	5
217	7	6	5	3	6	2	3	3	4	1	4	7	5	6	4	5	1	2	3	2	3	5	4	1	3	6	6	4	6	5	1	1	3	4	2	5	3	1	1	1	2	2	2	6	5	4	5	6	2	4
218	7	5	6	3	6	1	3	3	4	1	5	7	5	6	4	3	1	4	2	3	5	4	4	2	3	6	5	4	5	6	2	1	3	3	1	5	2	1	1	2	2	1	2	6	4	4	6	6	2	5
219	6	5	5	2	7	2	3	4	5	2	5	7	6	5	3	4	1	2	2	3	4	5	4	1	3	6	6	4	6	6	1	1	3	4	1	4	2	1	1	3	2	1	2	6	4	5	5	6	3	3
220	7	5	6	2	6	2	3	3	5	2	5	6	5	6	4	5	1	2	2	3	4	4	3	1	2	7	6	3	5	6	1	2	3	4	1	4	4	1	1	3	1	1	2	6	4	5	6	5	3	4
221	7	6	4	3	7	1	3	3	5	1	4	6	5	5	4	3	2	3	2	2	5	3	5	1	2	6	6	4	6	6	1	2	5	4	1	4	3	2	2	1	1	2	3	6	4	5	6	5	1	4
222	7	6	6	3	6	1	3	2	5	2	5	7	4	6	4	4	1	3	3	3	4	4	3	1	2	6	5	4	6	6	2	2	4	3	1	5	3	2	1	1	1	1	2	6	5	5	5	5	2	4
223	7	6	6	3	6	2	4	3	5	3	4	7	4	6	5	5	1	4	2	4	4	4	3	1	3	6	6	2	5	5	1	1	3	3	2	5	2	1	1	1	1	2	2	6	4	5	6	5	2	3
224	7	5	4	2	6	1	4	2	5	2	3	6	4	5	5	3	2	3	3	3	4	4	5	1	2	7	6	3	5	6	1	2	4	4	1	6	3	1	1	3	2	1	2	6	5	4	6	6	1	5
225	7	5	5	2	6	3	3	2	4	3	4	7	5	6	3	5	1	2	2	3	5	4	4	1	2	6	6	2	5	6	1	3	4	4	1	5	3	1	1	2	1	1	3	6	5	4	6	6	2	4
226	7	6	6	3	6	3	3	2	4	1	5	7	5	5	5	4	1	3	2	2	4	5	3	1	3	6	6	4	4	6	1	1	4	3	2	5	3	1	1	2	2	2	2	6	4	4	6	5	1	5
227	7	6	5	2	6	2	3	3	4	3	5	7	5	6	4	3	1	4	3	4	5	4	5	1	2	6	5	4	6	5	1	1	4	3	2	4	2	2	1	2	1	2	1	6	3	5	6	6	1	3
228	7	6	6	3	7	2	3	2	4	3	4	6	5	6	4	5	1	4	2	2	4	3	4	2	3	6	5	3	5	5	1	1	3	4	2	5	2	1	1	2	1	1	3	6	5	6	5	6	1	4
229	6	6	5	2	7	1	3	3	4	3	5	7	5	5	3	4	1	3	3	4	5	4	3	1	2	6	6	4	6	6	1	2	4	4	2	5	2	2	1	1	1	2	1	6	5	4	5	6	2	3
230	7	6	5	3	6	3	2	1	5	3	4	7	6	6	4	4	1	3	2	2	5	4	5	1	2	6	6	3	5	6	1	1	3	3	2	4	4	1	1	2	2	1	3	6	4	5	5	5	2	4
231	7	6	5	2	7	3	2	4	4	1	4	6	5	6	3	3	1	2	3	2	5	4	5	1	3	6	5	4	6	6	1	1	4	4	3	4	2	1	1	2	3	2	1	6	5	5	6	5	2	3
232	7	5	5	3	6	1	4	3	4	2	5	6	5	6	4	4	1	2	3	4	5	4	3	1	3	7	6	2	5	6	1	1	4	3	1	5	2	1	1	2	2	2	2	6	3	5	6	6	3	4
233	7	6	5	4	6	1	2	2	5	3	4	6	6	6	3	5	1	3	3	4	4	4	4	1	3	7	6	3	5	5	1	2	4	3	2	4	2	1	1	2	1	2	1	6	5	5	6	5	2	3
234	1	4	6	4	3	3	2	1	4	1	6	2	6	2	5	3	7	5	1	4	1	2	6	2	3	1	3	5	6	3	1	4	3	6	4	3	1	2	5	5	5	7	2	2	5	6	4	5	6	4
235	1	4	4	4	4	3	2	1	3	2	5	2	6	2	5	4	7	6	1	5	1	1	5	3	2	1	3	5	5	3	1	3	4	6	3	5	1	2	4	3	4	7	2	2	5	6	6	6	6	6
236	1	5	4	3	3	3	1	1	5	2	6	3	6	2	3	2	7	5	1	4	2	1	6	4	1	1	4	5	4	4	2	4	3	6	2	2	2	3	4	6	5	6	1	3	5	6	5	7	5	6
237	1	4	3	4	3	3	1	1	4	2	5	2	6	2	4	3	7	6	2	5	1	1	5	2	2	1	4	6	5	3	1	5	4	6	3	5	1	2	5	3	4	7	2	3	6	6	4	6	6	5
238	1	3	6	4	5	3	1	1	5	1	6	3	5	2	5	4	7	5	1	6	2	1	4	3	2	1	3	4	5	2	2	5	3	4	3	2	1	2	5	6	4	7	2	3	6	6	4	6	6	4
239	1	3	4	4	4	2	1	1	3	1	6	2	5	3	3	3	7	6	1	5	1	1	5	2	2	1	4	4	5	3	3	5	4	5	4	3	2	2	6	4	5	7	2	2	6	6	5	6	6	6
240	1	4	5	2	3	3	2	1	3	1	6	2	6	3	5	4	7	6	1	3	2	1	5	4	1	1	4	5	6	3	2	4	4	6	2	4	1	2	5	4	3	6	2	3	5	7	6	5	6	5
241	1	5	4	2	5	3	1	1	3	1	6	3	5	3	5	4	7	7	1	6	1	1	6	4	2	2	3	6	4	3	2	4	4	5	2	3	1	2	5	4	3	6	2	2	4	6	5	5	6	6
242	1	3	5	3	4	2	1	1	3	1	5	3	5	2	5	2	7	6	1	6	1	2	5	4	2	1	3	4	5	2	2	5	3	6	3	4	2	3	4	4	5	6	1	4	6	6	4	6	7	6
243	1	5	5	3	4	2	1	1	3	2	6	2	5	2	5	4	7	6	1	5	2	1	4	4	1	1	4	4	5	3	2	4	3	6	3	4	1	2	6	3	3	6	3	2	5	7	6	6	5	6
244	1	3	4	3	3	2	2	1	5	1	6	2	6	1	4	4	7	6	1	4	3	1	5	4	2	1	5	6	6	3	3	3	4	5	2	4	2	1	4	3	5	7	2	2	6	6	5	6	5	5
245	1	3	4	2	5	3	2	1	5	1	6	2	6	2	5	4	7	6	1	5	1	1	6	3	2	1	4	5	5	4	2	3	3	6	3	3	1	3	4	4	4	7	2	2	4	6	5	6	6	5
246	1	5	5	3	2	2	1	1	3	2	6	3	5	2	4	3	7	6	1	6	2	1	5	3	1	1	4	6	4	4	2	3	4	5	3	4	1	2	5	4	4	6	2	3	5	6	5	7	6	6
247	1	5	5	2	4	3	1	1	5	1	5	2	6	2	5	3	7	6	1	4	1	1	4	3	2	1	4	4	6	3	2	4	3	6	3	3	2	2	6	5	4	6	2	3	4	7	5	5	6	6
248	1	4	3	3	5	3	1	1	3	1	5	2	6	2	4	4	7	5	1	4	2	2	6	3	1	1	4	5	6	3	2	4	4	6	3	3	2	2	5	5	4	5	1	2	5	7	6	6	6	6
249	1	5	6	3	4	2	1	1	5	2	6	3	6	2	4	4	7	5	1	4	1	1	4	3	2	1	3	5	5	2	2	3	4	6	3	3	2	2	5	4	4	6	1	3	5	7	6	6	6	5
250	1	4	4	3	4	3	1	1	5	1	6	2	6	2	3	4	7	6	1	5	2	2	4	3	2	1	3	5	5	2	2	5	3	5	3	4	2	1	5	4	4	7	1	3	6	6	6	6	5	6
251	1	3	5	2	3	3	1	1	3	1	6	3	6	2	3	2	7	6	2	5	1	1	4	3	2	1	4	5	5	4	1	5	4	6	4	4	2	2	5	3	4	7	2	4	5	6	5	6	6	6
252	1	4	4	3	4	2	1	1	4	2	6	2	4	3	5	2	7	5	1	5	1	1	5	3	1	1	4	5	5	3	2	5	3	6	4	3	2	2	6	4	3	7	2	3	6	6	6	6	6	5
253	1	5	5	3	3	2	1	1	3	1	6	2	6	3	5	4	7	6	1	4	1	1	4	4	2	1	5	5	5	2	2	3	3	5	4	3	2	2	4	4	4	6	2	3	6	7	6	6	6	5
254	1	5	4	3	4	3	1	1	4	2	6	2	5	1	4	3	7	6	2	4	1	2	5	4	2	1	3	5	5	2	2	5	3	6	3	4	2	1	6	5	3	7	1	3	6	6	4	6	6	5
255	1	3	4	2	5	2	1	1	4	1	5	3	6	2	4	4	7	6	1	6	2	2	6	3	3	1	3	5	5	2	2	3	4	5	4	3	1	1	6	4	4	7	2	3	5	6	5	6	6	5
256	1	4	4	2	3	3	1	1	5	1	6	3	6	2	6	3	7	5	1	4	2	2	5	3	1	1	4	6	5	2	1	4	4	6	4	3	3	2	6	3	5	7	2	2	5	6	5	5	6	4
257	1	5	5	3	4	2	1	1	4	1	5	2	4	3	6	4	7	6	2	5	2	1	5	3	2	1	3	5	6	2	1	5	3	6	3	3	2	1	4	4	4	6	2	3	5	7	4	6	6	6
258	1	5	4	3	3	3	1	1	4	1	6	2	6	2	4	3	7	6	1	5	1	1	5	3	2	1	3	5	5	3	2	4	3	5	4	4	2	2	4	5	4	6	2	2	6	7	6	6	6	5
259	1	3	4	3	4	3	2	1	5	1	6	2	6	3	4	3	7	5	1	5	2	1	5	2	2	1	5	5	4	3	2	5	4	5	4	4	1	2	4	3	3	6	1	2	6	6	6	7	6	6
260	1	4	4	3	5	2	1	1	4	2	5	2	6	2	3	3	7	6	1	4	1	2	4	4	3	1	3	5	5	2	2	4	5	6	3	5	1	1	5	3	5	6	2	3	6	7	4	6	6	6
261	1	4	5	3	3	3	2	1	4	2	6	2	5	1	4	3	7	6	1	5	2	1	4	2	2	1	4	5	6	3	1	4	3	5	3	3	1	2	5	5	5	6	2	4	6	7	4	6	6	6
262	1	5	4	3	5	2	1	1	5	1	6	2	6	2	5	4	7	5	2	5	2	1	4	3	2	1	3	3	4	3	2	3	4	6	3	4	1	2	6	5	4	7	1	3	4	6	5	6	6	6
263	1	5	5	3	5	2	2	1	5	1	6	3	6	3	4	2	7	6	1	4	2	2	6	3	1	1	4	5	4	4	1	3	2	4	3	3	1	2	4	5	4	6	2	3	6	6	5	5	7	6
264	1	4	5	2	4	2	1	1	4	2	5	3	6	2	5	3	7	6	1	6	1	1	5	3	2	1	3	5	5	3	2	4	3	6	4	3	2	2	5	4	4	6	1	3	4	6	6	7	6	5
265	1	5	3	2	4	3	1	1	3	2	6	2	6	1	4	4	7	6	1	6	2	1	5	3	2	1	4	5	6	3	2	3	3	5	3	4	1	2	4	4	5	7	2	4	5	6	5	6	6	5
266	1	3	4	2	4	3	2	1	4	2	6	1	6	2	5	4	7	6	1	4	1	1	6	2	2	1	4	6	5	3	2	3	4	5	3	3	1	3	5	5	5	6	2	3	4	7	5	6	5	6
267	1	4	4	4	5	3	1	1	4	2	5	2	6	2	5	3	7	6	1	5	2	1	6	2	2	1	3	4	6	3	2	5	3	6	3	3	1	2	5	4	3	6	1	4	6	7	5	5	6	4
268	1	5	6	2	4	3	1	1	5	1	5	2	5	2	3	3	7	5	2	6	2	1	4	3	2	1	3	6	6	4	2	3	4	6	3	4	1	2	4	4	4	6	1	3	5	7	5	5	6	6
269	1	3	4	4	3	2	1	1	4	2	6	2	5	2	5	3	7	6	1	4	1	2	5	3	2	1	3	4	6	2	2	4	4	6	3	4	1	3	5	5	5	6	1	3	6	6	6	7	5	5
270	1	5	3	4	3	2	1	1	4	1	6	3	5	2	5	4	7	5	1	6	2	1	6	3	3	1	3	4	6	2	2	4	5	6	3	3	2	2	4	5	5	7	1	2	4	6	5	6	6	4
271	1	3	3	3	3	3	1	1	3	1	5	2	5	1	4	4	7	6	1	5	2	1	6	3	2	1	4	4	4	4	2	5	4	6	4	3	2	2	6	5	5	6	2	2	5	6	6	7	6	5
272	1	5	6	3	4	2	1	1	5	1	6	3	6	2	3	3	7	5	2	4	2	1	5	3	2	1	5	6	4	2	2	4	3	6	4	5	1	1	4	5	3	6	2	3	4	7	4	6	6	5
273	1	2	1	6	7	7	6	2	4	1	6	4	4	3	1	5	1	4	5	3	5	5	3	4	1	3	3	2	3	6	2	5	5	4	2	6	4	2	5	3	6	5	2	1	1	3	4	6	2	6
274	2	3	1	7	7	5	6	1	4	1	6	3	4	3	1	6	2	3	4	4	3	6	3	4	1	2	1	1	3	6	5	5	5	4	4	5	2	2	5	5	6	5	2	2	1	2	3	6	4	6
275	2	3	2	7	6	6	4	2	4	2	7	4	5	2	2	5	1	1	5	3	4	6	1	4	1	4	2	1	3	5	5	6	5	4	3	6	3	2	3	5	6	5	3	1	1	1	4	6	3	6
276	3	4	1	6	7	6	6	2	2	2	7	4	5	3	2	5	1	2	5	3	4	6	1	5	1	2	1	1	3	6	5	6	4	5	3	6	4	2	5	4	4	4	2	1	1	3	3	6	3	5
277	2	2	1	7	6	6	6	2	3	1	7	3	4	2	1	5	1	2	5	4	3	6	2	6	1	3	3	1	3	6	5	5	4	4	4	6	4	2	4	4	5	5	2	1	1	3	5	6	3	5
278	1	3	1	7	7	5	6	2	2	1	6	4	5	3	2	4	1	2	5	3	5	6	2	4	1	3	3	1	4	6	3	5	4	3	4	6	4	2	5	4	6	5	2	1	1	2	5	6	3	6
279	2	2	2	7	6	5	6	2	2	1	7	4	3	2	1	6	1	2	5	4	3	6	1	6	1	3	3	1	5	6	3	5	5	4	3	6	3	4	4	4	5	5	2	1	1	4	4	6	3	5
280	1	2	1	7	6	6	5	1	4	2	7	4	6	3	2	6	1	3	5	3	5	6	3	5	1	2	2	1	3	6	2	4	4	3	4	6	2	2	5	4	5	5	4	1	1	3	3	6	4	5
281	2	2	1	6	7	6	5	1	4	1	7	3	4	5	2	5	1	2	4	4	5	6	2	4	1	2	3	1	3	6	4	4	5	5	3	6	5	2	4	3	6	6	2	1	1	3	3	6	3	5
282	2	2	1	6	7	6	5	1	3	1	7	2	4	3	2	6	1	3	4	3	4	5	2	5	1	3	2	1	4	6	4	5	5	5	2	6	4	4	5	3	6	4	3	1	1	3	5	6	2	6
283	3	2	2	6	7	6	5	2	3	1	7	4	5	3	2	6	1	2	4	3	5	6	1	4	1	3	2	1	4	6	3	4	4	5	4	6	3	4	5	5	5	5	1	1	1	2	3	6	2	6
284	3	2	1	7	6	6	5	2	2	1	7	3	4	2	2	5	1	3	5	5	3	6	1	5	1	2	3	1	2	6	4	6	4	5	3	6	4	4	3	4	6	5	2	1	1	4	4	6	3	5
285	2	2	2	7	7	5	6	1	3	1	6	3	5	4	1	5	1	2	4	3	4	6	2	5	1	3	2	1	5	6	3	6	5	5	4	6	3	2	4	4	6	4	3	1	1	3	4	6	2	5
286	2	2	2	7	7	6	5	1	4	1	6	2	5	4	1	6	1	3	3	2	4	6	2	5	1	3	1	2	4	6	5	5	4	3	2	6	4	3	5	5	5	4	3	1	1	3	3	6	4	6
287	1	3	2	7	6	6	6	1	4	2	7	3	3	4	1	5	1	2	5	3	5	6	1	4	1	3	3	2	3	6	5	5	5	5	2	6	4	3	4	4	5	4	2	1	1	2	4	6	2	6
288	2	3	2	6	7	6	4	2	3	1	6	2	5	4	1	6	1	3	4	4	5	6	2	4	1	2	1	1	3	6	3	6	5	5	3	7	3	2	4	5	5	5	3	1	1	2	4	6	4	5
289	3	2	1	7	7	6	5	1	2	2	6	4	5	2	2	6	1	4	4	5	3	6	2	4	1	2	1	1	5	6	4	5	3	3	4	6	5	3	4	3	5	4	3	1	1	3	5	6	2	6
290	1	2	2	6	6	5	6	2	1	2	7	3	4	4	1	6	1	2	5	3	5	7	3	5	1	2	3	1	4	6	4	5	4	3	3	6	3	2	5	4	6	5	2	1	1	4	4	6	3	5
291	1	3	2	7	7	6	6	3	4	1	6	3	4	3	2	5	1	2	5	3	5	6	2	4	1	2	1	1	4	6	5	5	4	5	3	6	3	2	4	3	6	5	2	1	1	2	4	6	4	5
292	2	2	2	7	6	6	6	1	1	2	6	2	4	4	2	5	1	3	6	3	5	7	2	4	1	3	1	1	4	5	3	5	3	5	4	6	4	4	5	3	5	5	2	1	1	3	4	6	3	6
293	3	3	2	7	7	6	4	1	2	1	6	3	5	2	1	5	1	3	5	4	4	6	2	3	1	2	2	1	4	6	4	5	4	5	4	6	3	4	5	3	6	6	3	1	1	2	5	6	2	5
294	3	2	2	6	7	6	5	3	2	1	7	4	4	4	2	6	1	3	4	3	6	6	1	4	1	3	1	1	3	6	4	5	5	5	2	6	3	2	5	5	4	4	2	1	1	3	5	6	2	5
295	2	2	2	7	6	6	6	2	3	1	7	2	3	3	2	6	1	3	4	4	5	5	1	4	1	4	1	1	5	6	4	5	4	5	3	6	2	3	4	3	6	5	2	1	1	3	5	6	4	5
296	2	3	2	6	7	5	5	2	3	1	7	3	2	3	1	6	1	2	4	3	5	5	2	6	1	2	1	1	4	6	4	6	4	4	4	6	3	2	5	4	5	6	3	1	1	4	5	6	3	5
297	3	2	1	6	6	7	6	1	4	1	7	2	4	2	2	5	1	2	5	4	3	6	3	5	1	2	2	1	5	5	4	4	5	5	3	6	4	3	3	3	6	4	3	1	1	4	5	6	2	6
298	3	3	2	6	6	6	5	2	3	1	7	3	4	3	2	6	1	3	6	4	4	6	3	5	1	2	2	1	4	6	4	5	5	4	2	6	2	1	4	5	5	5	1	1	1	2	4	7	3	5
299	2	2	2	7	7	6	6	2	4	1	6	3	4	2	1	5	1	2	5	4	5	6	1	5	1	3	2	1	3	6	4	4	6	5	3	6	3	2	4	4	5	5	3	1	1	4	3	6	3	5
300	3	2	1	7	6	6	5	1	1	2	7	4	5	3	2	5	1	2	4	4	4	6	2	5	1	2	2	1	3	6	3	4	5	4	5	6	3	3	5	3	6	5	2	1	1	3	4	6	4	6
301	2	3	1	7	7	6	6	2	3	2	6	4	4	2	1	5	1	1	5	5	5	6	2	4	1	4	2	1	3	6	2	4	3	4	2	6	3	3	5	4	5	5	3	1	1	3	5	6	4	6
302	3	4	2	7	6	6	5	1	2	1	7	2	5	4	1	5	1	3	5	3	4	6	3	5	1	3	2	1	3	6	3	6	5	4	3	6	2	2	4	4	6	4	2	1	1	2	5	6	4	5
303	3	2	1	7	6	6	5	1	2	2	7	3	4	3	2	5	1	2	5	4	3	6	1	5	2	1	3	1	4	6	3	5	4	4	2	6	3	2	4	5	6	5	4	1	1	4	5	6	3	6
304	2	3	3	7	6	6	5	3	4	1	6	2	4	4	2	4	1	3	5	3	5	6	2	6	1	2	2	1	3	6	3	5	4	4	4	6	2	1	5	5	6	4	1	1	1	2	5	7	3	5
305	2	3	2	7	6	6	6	2	3	1	7	4	3	3	1	5	1	2	6	2	4	6	1	4	1	3	2	1	4	6	2	5	4	5	3	6	4	3	5	5	5	5	2	1	1	4	3	6	4	5
306	2	3	1	6	7	6	6	1	3	2	7	3	5	3	2	4	1	2	4	3	3	6	2	5	1	4	1	1	5	6	4	5	5	4	4	6	3	2	5	5	4	5	2	1	1	2	4	6	3	6
307	2	2	1	7	7	5	5	2	4	2	6	4	5	3	1	6	1	2	6	3	4	6	2	5	1	2	1	1	3	6	4	5	4	4	3	6	3	3	5	4	5	5	3	1	1	2	3	6	4	6
308	3	3	1	7	6	6	6	1	3	2	7	4	4	4	1	5	1	2	5	3	5	5	2	5	1	4	2	1	4	6	3	5	4	3	2	6	2	2	5	3	5	6	2	1	1	3	4	6	4	6
309	3	3	2	7	6	6	5	1	2	1	7	4	4	3	1	5	1	3	5	4	5	6	2	4	1	2	2	1	3	6	5	6	4	3	3	6	4	2	5	5	6	4	4	1	1	2	3	6	2	5
310	3	3	3	7	6	6	4	1	4	2	7	2	4	3	1	6	1	3	5	3	5	6	2	5	1	2	1	1	4	6	2	5	4	3	4	6	2	2	4	5	6	5	4	1	1	2	5	6	3	5
311	2	3	2	7	6	6	5	1	3	1	7	4	4	2	2	5	1	2	5	3	5	6	3	4	1	2	2	1	4	6	3	6	5	4	3	6	4	1	4	5	5	4	3	1	1	2	5	6	3	6
312	2	5	1	6	2	3	3	4	3	2	4	5	3	1	6	1	2	2	4	1	4	4	6	2	5	7	5	7	6	6	6	2	5	5	4	3	2	4	6	5	3	1	1	4	3	3	1	5	1	6
313	2	5	2	7	2	3	4	2	4	1	4	5	4	1	6	1	3	2	4	1	3	3	6	1	6	5	5	7	6	5	6	2	5	6	5	3	4	3	6	4	3	2	1	5	3	2	1	4	1	6
314	3	5	1	6	2	3	3	3	5	1	5	5	2	1	6	1	2	3	3	1	4	4	6	2	6	5	6	7	5	4	6	4	4	6	4	4	2	5	7	5	2	3	1	2	3	2	1	4	1	6
315	2	4	1	6	2	2	2	5	5	2	4	5	2	1	5	1	4	3	3	1	4	3	7	3	6	5	5	6	6	6	6	3	4	6	4	5	2	4	6	5	3	3	1	2	3	1	1	4	1	7
316	3	5	2	6	1	3	2	3	5	1	5	4	2	1	6	1	3	4	3	1	4	2	7	2	6	6	5	6	5	5	5	4	5	6	6	4	3	4	6	4	4	2	1	3	2	2	1	3	1	7
317	2	5	2	6	1	3	3	4	3	1	4	6	2	2	5	1	2	4	3	1	2	3	7	1	6	6	6	7	5	5	6	4	4	5	5	3	3	5	6	4	5	2	2	3	4	1	1	4	1	6
318	3	4	2	6	1	2	2	4	4	2	3	5	3	1	6	1	4	4	2	1	4	3	6	3	7	6	7	6	5	5	6	3	5	5	5	4	3	4	6	5	3	1	2	2	2	1	1	5	1	6
319	4	6	1	5	1	4	3	4	5	1	3	6	5	2	5	1	3	2	4	1	2	2	7	2	5	5	6	7	6	6	6	3	4	5	5	4	4	3	6	3	3	2	1	2	4	1	2	3	1	6
320	3	4	3	6	1	3	2	2	4	1	4	6	4	1	6	1	3	5	3	1	4	4	7	3	7	6	5	6	5	5	5	2	5	6	5	3	2	5	6	4	3	2	1	2	2	1	2	4	1	6
321	4	4	3	6	2	3	4	5	3	1	4	4	3	1	6	1	2	2	4	1	3	3	6	3	6	5	5	7	5	5	5	2	6	6	6	3	2	5	6	5	4	1	1	2	2	1	2	4	1	7
322	2	4	1	6	1	3	2	3	3	1	5	4	5	1	5	2	4	4	4	1	3	3	7	2	6	6	6	6	6	6	6	2	5	5	5	3	2	4	5	5	3	3	1	4	2	2	1	4	1	7
323	3	4	2	7	1	3	4	4	3	2	6	4	2	1	5	1	3	2	2	1	5	4	7	1	6	6	5	6	5	4	6	3	5	6	4	4	3	5	6	5	2	3	1	3	2	2	1	5	1	6
324	2	5	1	6	1	3	2	4	3	2	3	6	3	1	6	1	3	3	3	1	4	2	7	2	6	5	5	7	6	6	5	4	4	5	5	4	2	5	6	4	5	1	2	3	4	1	2	4	1	6
325	3	5	2	6	1	3	3	4	5	1	4	5	2	1	5	2	3	2	4	1	3	4	7	2	6	6	5	7	6	6	5	3	4	6	5	4	3	3	6	5	2	1	1	4	2	2	1	4	1	6
326	2	5	1	5	2	3	2	3	3	1	4	4	3	1	6	1	1	4	3	1	2	4	6	2	6	7	5	7	6	5	6	4	5	6	5	4	2	4	6	4	5	3	2	3	2	3	1	5	1	6
327	2	6	1	6	2	3	2	3	4	1	5	5	3	1	6	1	3	3	2	1	2	3	7	2	6	6	5	7	5	5	6	4	5	5	4	3	4	4	6	4	3	2	1	5	4	2	1	4	1	6
328	2	4	1	6	2	3	4	5	4	1	5	4	3	1	5	1	3	3	2	1	3	2	7	2	6	6	5	6	5	6	5	3	4	6	4	5	3	4	7	6	5	2	1	3	2	1	2	4	1	6
329	2	5	1	6	2	2	3	3	4	1	4	6	3	1	6	1	2	4	2	1	2	3	7	3	5	5	5	7	6	4	6	3	6	5	4	5	3	4	6	5	4	2	1	3	4	1	2	5	1	6
330	2	4	2	6	1	3	3	4	3	1	5	6	4	1	5	2	4	3	2	1	3	3	6	1	5	6	6	6	6	5	6	2	4	5	4	4	3	5	7	3	5	2	1	4	2	1	2	5	1	7
331	3	4	2	5	2	3	4	5	4	2	4	4	2	1	6	1	4	5	2	1	3	3	7	1	6	6	6	7	5	5	6	2	3	6	5	3	2	5	6	4	3	3	1	5	2	1	1	4	1	6
332	4	5	1	6	1	4	4	3	3	1	4	5	2	1	6	1	5	4	3	1	2	2	7	2	6	5	6	7	6	4	6	2	4	5	5	3	3	4	6	5	3	1	2	3	3	2	2	5	1	6
333	3	6	1	6	1	2	2	3	3	2	3	4	3	1	5	1	4	3	4	1	4	4	6	1	5	6	5	7	5	6	5	2	5	6	4	3	2	5	6	4	3	2	2	5	4	1	2	6	1	7
334	2	4	1	6	1	3	3	2	4	2	5	5	4	1	6	1	3	4	3	1	4	3	6	2	6	5	5	7	5	5	6	3	6	6	5	3	2	4	6	5	4	2	1	2	3	2	1	4	1	7
335	3	4	2	7	1	3	3	3	4	2	6	5	4	1	6	1	3	2	2	1	3	4	6	1	5	6	5	6	5	5	6	2	5	6	4	3	3	5	7	4	4	2	1	4	2	1	2	5	1	6
336	2	6	1	6	2	2	3	5	5	2	4	4	5	1	6	1	3	3	3	1	3	4	6	3	6	5	5	6	5	4	6	1	4	6	4	5	3	4	7	5	3	2	1	2	2	2	1	4	1	7
337	3	4	2	5	1	2	2	3	3	2	5	4	3	1	6	1	3	4	2	1	3	4	7	1	6	6	6	7	5	6	6	2	5	5	5	4	2	4	6	5	5	3	1	4	2	3	1	4	1	6
338	1	5	2	6	1	2	2	4	5	1	4	5	4	1	6	1	2	3	4	1	2	4	6	2	5	6	4	6	6	4	5	3	5	6	6	5	3	3	7	4	3	3	1	3	3	2	2	5	1	7
339	3	4	2	6	2	2	2	4	5	1	3	5	3	2	6	1	2	4	4	1	4	4	7	1	5	6	5	7	5	6	6	3	5	6	5	4	2	5	6	3	3	2	1	4	3	1	1	3	1	6
340	2	6	2	6	1	2	3	3	4	1	3	5	3	1	4	1	2	4	4	1	3	4	7	1	6	6	6	7	5	5	5	3	3	5	6	5	2	5	6	4	4	3	2	4	2	1	2	5	1	6
341	1	6	2	6	1	4	1	3	3	2	4	5	3	1	6	1	2	2	3	1	4	3	7	2	6	5	6	6	5	5	6	3	4	5	5	4	4	4	6	3	5	2	2	4	3	2	1	5	1	7
342	1	5	1	6	2	3	3	3	5	1	4	4	5	1	5	2	3	2	3	1	4	3	6	2	6	7	6	7	5	6	5	4	3	6	4	5	2	5	6	4	4	2	1	3	2	2	1	4	1	6
343	1	5	2	6	1	3	4	2	3	1	5	3	4	1	5	2	4	4	2	1	4	2	6	1	6	6	6	7	7	4	6	3	4	5	5	3	3	5	6	5	3	3	2	4	1	2	2	5	1	6
344	2	5	2	5	1	2	3	4	3	1	5	5	2	1	6	1	4	4	3	1	2	3	6	3	6	6	5	6	6	4	6	2	5	4	6	5	3	4	7	4	3	2	1	4	3	1	2	5	1	7
345	2	5	2	6	1	3	3	4	3	1	5	4	3	1	6	1	2	4	2	1	4	3	7	1	6	6	5	6	5	4	5	2	5	5	6	5	2	4	6	6	3	3	2	3	4	2	1	4	1	7
346	3	4	1	6	2	3	2	4	4	1	3	6	3	1	6	1	3	4	2	1	5	4	6	2	6	5	5	6	5	6	6	2	4	5	5	5	4	3	7	4	3	2	1	3	2	1	2	5	1	7
347	2	4	3	7	1	3	3	2	5	1	4	5	5	1	5	1	2	3	4	1	2	4	6	2	6	6	5	6	6	6	6	4	4	5	4	3	3	5	6	5	3	1	1	2	2	3	2	4	1	7
348	2	4	1	7	1	3	3	4	4	2	3	5	3	1	5	1	2	4	2	1	2	3	7	3	6	6	6	6	5	5	5	4	3	6	6	5	2	4	6	5	4	3	1	4	2	1	2	5	1	6
349	2	6	1	6	2	2	3	5	5	2	5	4	3	1	6	1	2	3	3	1	3	3	7	1	5	6	5	7	6	6	4	4	5	5	4	4	3	3	6	4	4	2	1	4	2	1	2	5	1	6
350	2	5	2	6	1	1	3	4	4	2	5	5	3	1	6	1	2	4	4	1	3	3	7	3	6	5	6	7	6	5	5	2	5	6	4	4	4	3	6	4	3	3	2	2	2	1	1	5	1	6
351	1	2	4	4	1	3	2	3	6	1	3	6	1	5	1	4	4	2	4	3	7	2	2	3	6	4	4	5	3	3	7	6	6	4	1	2	5	2	5	1	6	1	6	5	2	5	3	6	5	5
352	2	2	4	2	2	3	1	2	5	1	3	6	1	5	1	5	4	3	4	4	6	3	2	3	6	2	3	5	4	3	6	5	7	4	1	2	6	5	6	1	6	1	7	4	1	5	3	6	4	5
353	2	2	6	3	2	3	1	2	5	1	2	6	1	4	1	5	4	4	3	3	6	2	1	3	6	5	5	4	3	3	6	5	7	3	1	2	5	4	6	1	6	1	7	4	2	4	4	5	5	6
354	2	3	5	3	3	4	2	2	6	1	1	6	1	5	1	5	4	4	3	2	7	3	1	2	6	3	4	5	3	2	6	5	7	3	1	2	5	4	5	1	6	1	6	4	2	4	5	6	4	6
355	1	2	6	2	2	4	2	1	5	1	4	6	1	5	1	3	5	4	3	3	6	3	2	4	5	4	4	3	4	2	7	5	7	3	1	2	5	4	6	1	6	1	6	2	3	5	3	5	6	6
356	2	2	5	3	2	3	1	2	7	1	2	6	1	6	1	4	5	3	3	3	6	3	2	3	5	4	4	4	5	2	7	5	6	4	1	1	5	4	6	1	6	1	6	4	3	5	2	6	5	4
357	3	2	5	3	2	3	1	2	6	2	2	6	1	3	1	4	3	3	4	2	7	3	1	3	5	4	4	5	4	4	6	5	7	2	1	1	5	4	6	1	6	1	6	4	2	5	5	6	5	6
358	2	2	5	3	3	4	1	2	6	1	2	5	2	6	1	3	4	3	4	2	7	3	1	4	5	3	3	4	5	1	7	4	6	2	1	2	5	3	6	1	5	1	6	4	4	5	5	6	6	6
359	3	3	4	2	2	5	1	1	5	1	2	6	1	5	1	5	4	4	3	2	6	3	2	4	5	2	2	5	3	3	6	5	7	3	1	2	6	4	6	1	6	1	7	4	3	4	4	6	5	6
360	2	4	4	3	3	2	1	1	6	1	3	7	1	5	1	5	5	2	5	2	6	2	2	2	6	4	4	3	5	4	7	4	6	3	1	2	5	4	6	1	6	1	6	3	3	4	3	6	5	5
361	1	3	6	3	2	4	1	2	6	1	4	6	2	4	1	6	6	4	4	2	7	3	2	4	6	3	5	4	2	3	6	4	7	3	1	1	5	3	5	1	6	1	5	2	2	5	3	5	5	5
362	1	3	6	2	1	3	2	2	5	1	3	6	1	5	1	4	5	2	5	3	7	2	2	3	4	5	3	5	3	4	7	5	6	4	1	2	4	3	6	1	6	1	6	2	4	6	4	5	4	6
363	1	3	5	3	2	5	2	1	6	1	3	6	1	4	1	5	5	3	4	3	6	2	2	2	6	4	3	4	3	2	7	6	7	2	1	2	5	5	5	1	6	1	6	4	3	4	4	6	4	5
364	2	2	4	4	1	3	1	3	6	1	4	7	1	5	2	4	5	3	5	2	7	4	1	4	5	2	5	3	3	2	6	3	6	4	1	2	5	2	6	1	6	1	6	4	3	5	3	6	5	6
365	3	3	5	3	2	4	1	1	6	1	2	7	1	6	2	5	5	2	5	4	7	3	1	2	6	4	3	3	3	2	6	5	6	4	1	3	5	2	6	1	6	1	5	4	2	4	4	6	4	5
366	1	3	5	4	3	5	2	2	5	1	2	6	1	6	1	5	5	3	4	4	6	4	1	2	6	3	3	5	3	2	7	3	7	2	1	2	5	4	6	1	5	1	6	3	2	4	4	6	4	6
367	1	2	4	4	1	3	2	3	6	1	2	6	2	5	1	5	4	4	3	2	6	4	1	4	6	5	3	4	3	2	7	6	7	3	1	2	4	5	5	1	6	1	6	3	2	5	3	6	5	5
368	2	2	5	4	1	4	1	2	5	1	4	6	2	6	1	5	5	3	3	3	6	2	1	3	6	2	4	4	5	3	7	5	6	2	1	3	4	3	6	1	5	1	7	4	2	6	3	6	5	4
369	2	2	5	3	2	2	1	2	5	1	2	6	1	5	1	4	6	2	5	4	7	3	1	3	6	3	5	5	4	4	6	4	7	3	1	3	5	3	6	1	6	1	6	3	2	5	4	6	4	4
370	2	2	5	2	1	4	1	1	5	1	3	6	1	6	2	5	4	3	4	2	6	2	2	3	5	4	3	4	4	3	7	4	7	3	1	2	6	4	6	1	6	1	6	3	3	5	5	6	5	5
371	2	3	4	4	1	5	2	2	5	1	3	6	1	6	1	6	6	4	3	3	6	2	1	2	6	3	4	4	3	2	7	5	7	3	1	2	5	4	5	1	6	1	5	2	4	4	3	5	5	6
372	1	2	5	2	1	4	2	1	5	1	3	7	2	6	1	4	6	4	3	4	6	2	2	5	6	3	3	3	3	2	6	6	7	4	1	4	5	3	5	1	5	1	6	2	4	4	3	6	5	5
373	2	3	6	2	2	4	1	2	6	1	1	6	1	5	1	4	5	3	3	2	7	4	2	3	4	4	4	2	4	2	6	5	7	3	1	3	5	5	6	1	5	1	6	3	3	6	5	6	5	4
374	1	2	3	3	2	4	2	1	5	1	3	6	2	5	1	6	4	4	5	2	6	2	1	4	5	3	5	5	3	4	6	4	7	2	1	2	4	5	6	1	6	1	7	3	3	5	3	6	4	6
375	1	2	4	3	1	4	2	1	5	1	4	6	2	4	1	4	3	3	3	3	6	4	2	5	5	4	3	3	5	2	6	5	7	3	1	2	5	5	6	1	6	1	7	4	2	5	2	6	6	6
376	1	3	5	2	2	3	2	2	6	1	4	6	1	6	1	5	4	3	4	4	7	2	1	5	5	3	4	3	4	3	6	5	6	2	1	2	5	3	6	1	6	1	7	2	3	4	4	6	5	5
377	2	3	5	4	1	4	2	2	6	1	2	6	1	4	1	5	5	3	5	3	7	2	1	3	5	2	4	3	4	3	6	4	7	2	1	2	6	3	6	1	5	1	6	4	3	6	5	6	4	5
378	2	2	3	4	2	2	1	1	6	1	2	7	2	5	2	4	5	3	4	2	6	4	1	3	6	5	4	4	3	3	7	5	6	4	1	1	4	3	5	1	6	1	6	3	3	6	5	6	5	5
379	2	2	5	3	2	4	1	2	6	1	4	7	1	5	1	4	5	3	4	3	6	4	2	2	4	2	5	3	4	2	6	5	7	3	1	3	5	4	6	1	6	1	6	3	1	5	3	6	5	6
380	1	3	5	3	3	4	1	2	5	2	2	6	1	4	1	4	5	3	5	3	6	3	2	4	6	4	3	4	2	2	7	5	6	2	1	1	6	4	5	1	6	1	7	2	3	5	4	6	5	6
381	2	2	4	3	1	3	2	1	6	1	2	6	1	6	1	4	3	4	3	3	7	3	2	5	5	3	5	4	4	2	6	5	7	4	1	2	4	3	6	1	6	1	6	5	2	5	4	6	5	5
382	2	2	4	4	2	4	1	3	6	1	3	5	1	5	1	5	5	2	3	2	6	2	1	4	6	3	5	3	3	2	7	4	7	4	1	2	5	3	6	1	6	1	6	3	4	4	5	6	5	6
383	2	2	4	3	2	3	1	3	5	1	3	6	1	4	1	5	6	4	3	3	7	2	1	4	6	2	5	4	5	2	6	3	6	4	1	2	5	4	5	1	6	1	7	3	2	5	4	6	6	5
384	2	2	5	3	2	3	1	2	6	1	2	6	2	5	1	5	5	4	4	2	6	2	1	4	6	4	4	4	4	3	6	3	6	3	1	1	5	3	6	1	7	1	7	3	3	6	5	5	4	5
385	1	2	4	2	2	2	2	2	6	1	1	6	1	4	1	5	4	3	3	4	7	3	2	4	6	2	5	3	5	3	6	5	7	3	1	3	5	3	5	1	6	1	6	4	4	5	4	6	5	6
386	2	3	6	2	2	5	1	1	5	1	3	6	1	5	2	6	4	3	4	2	7	2	1	3	5	3	4	5	4	4	6	4	6	3	1	2	6	4	5	1	5	1	7	3	2	4	3	6	6	5
387	2	2	4	3	2	5	2	1	6	1	3	7	1	6	1	3	5	5	5	2	6	4	1	3	4	2	4	3	4	3	6	5	7	3	1	2	6	4	5	1	6	1	6	4	2	4	3	6	5	5
388	2	3	5	2	2	3	1	1	6	1	4	6	2	5	2	6	5	4	3	3	6	2	1	4	5	3	3	4	5	2	6	3	6	4	1	1	4	2	5	1	5	1	7	3	4	6	4	7	5	6
389	1	4	4	3	2	5	1	1	6	2	2	6	1	5	1	4	5	3	4	2	6	2	2	5	4	3	4	3	3	3	6	5	7	3	1	2	5	4	6	1	6	1	7	3	2	5	5	6	4	6
390	5	7	3	2	3	6	2	3	2	6	1	3	2	6	5	2	4	1	5	1	6	6	4	5	3	4	1	1	4	2	1	5	6	5	4	4	4	5	1	2	1	5	2	3	6	3	4	7	3	6
391	3	6	1	3	2	5	2	1	3	5	1	2	5	6	5	2	4	1	4	2	5	7	5	4	4	3	1	1	6	1	2	4	6	3	5	4	6	6	2	3	1	7	2	3	4	5	4	6	3	6
392	3	7	1	4	3	6	3	1	3	4	1	4	5	7	4	2	5	1	3	1	4	6	6	5	3	2	1	1	4	1	2	5	6	3	2	2	6	5	2	5	2	6	5	2	4	5	4	6	3	6
393	3	6	2	3	4	6	2	2	2	5	1	2	3	7	4	2	4	1	2	1	5	6	6	5	3	3	1	1	5	1	1	5	5	6	3	5	6	4	2	4	3	6	4	5	4	4	3	7	1	6
394	3	7	1	2	3	5	4	1	3	6	1	2	4	6	4	2	4	1	2	1	4	7	5	5	4	3	1	2	6	2	1	5	5	5	3	4	6	5	2	3	1	6	3	3	6	4	5	6	2	6
395	3	6	1	3	3	5	2	1	3	6	1	1	2	6	5	2	4	1	4	2	5	7	6	3	4	2	1	2	5	1	2	4	6	5	3	3	6	6	2	4	1	6	4	5	5	4	4	7	3	5
396	3	7	2	2	1	5	4	2	1	4	1	2	4	6	6	3	5	1	2	1	5	6	6	3	5	4	1	1	6	2	2	4	6	5	3	3	4	4	1	3	2	7	5	5	6	4	3	6	3	5
397	3	6	1	3	4	5	3	3	2	6	1	3	4	6	4	1	5	1	2	1	5	7	6	4	5	2	1	1	5	1	2	5	6	4	4	4	5	6	2	2	3	6	4	2	5	3	2	6	3	7
398	5	6	1	2	4	5	1	3	2	6	1	3	2	7	4	2	4	1	3	1	4	6	6	3	5	2	1	1	6	2	3	5	5	4	4	2	6	5	1	3	3	6	5	5	4	3	4	7	2	6
399	3	7	1	1	1	6	4	2	2	4	1	2	5	6	5	3	5	1	4	1	4	7	5	5	4	3	1	1	6	2	3	5	6	4	3	3	3	6	2	2	2	5	3	4	6	5	4	6	2	6
400	4	6	2	2	2	4	3	2	3	5	1	2	2	6	5	1	6	1	3	2	5	7	6	4	3	4	1	1	5	1	2	6	6	5	3	4	4	6	3	3	1	6	4	3	5	4	5	7	1	5
401	4	6	2	2	3	4	3	3	3	6	1	3	5	6	5	2	6	1	4	1	3	7	5	4	4	2	1	1	5	1	1	6	6	5	5	2	4	5	3	3	1	6	4	2	4	5	2	6	2	7
402	2	6	1	4	2	5	4	3	2	6	1	3	2	7	6	3	6	1	5	1	3	7	6	4	4	4	1	1	5	1	2	5	5	4	2	2	5	6	3	2	1	5	4	5	3	3	3	6	4	6
403	3	7	2	2	2	5	4	1	3	4	1	2	4	6	5	1	4	1	2	1	3	7	5	5	4	4	1	1	4	1	2	5	6	5	2	3	6	6	2	3	3	6	3	5	6	5	4	6	3	6
404	4	6	3	2	1	6	3	1	3	5	1	2	3	7	5	3	5	1	2	2	4	7	6	5	4	3	1	1	6	1	2	4	6	4	5	3	5	4	1	2	2	6	2	4	4	5	5	6	3	6
405	5	6	1	2	2	4	3	2	3	5	1	2	5	6	5	1	5	1	3	2	4	6	6	5	3	4	1	1	6	1	3	5	6	4	4	4	4	5	2	2	1	6	2	3	6	3	3	7	4	7
406	4	7	1	3	2	6	3	2	4	5	1	4	4	7	5	2	5	1	2	1	5	6	5	4	3	2	1	1	6	1	2	4	6	3	5	3	5	6	3	3	1	6	4	5	4	2	3	6	2	6
407	5	6	1	2	3	4	2	1	2	4	1	2	4	7	5	3	3	1	5	1	4	6	5	5	3	4	1	1	4	2	1	6	6	4	3	3	6	6	2	3	2	6	4	5	5	5	3	7	2	6
408	4	7	3	2	2	5	4	2	1	5	1	1	4	7	4	2	4	1	3	1	5	6	6	4	3	5	1	1	5	2	2	6	6	6	3	3	5	4	2	4	3	5	2	6	5	3	3	6	1	6
409	3	7	1	3	2	5	2	2	4	6	1	2	5	6	3	2	6	1	4	1	3	6	5	5	5	4	1	2	6	1	1	5	6	5	3	2	4	4	1	4	3	7	4	3	6	3	2	6	4	5
410	5	7	3	3	4	6	2	3	3	6	1	4	4	6	5	2	4	1	2	1	4	6	6	5	2	2	1	1	5	1	1	5	6	5	3	2	4	4	1	4	2	6	3	5	5	3	3	7	2	6
411	5	7	1	2	4	5	3	1	4	5	1	2	4	6	6	3	5	1	3	1	4	7	4	3	3	2	1	1	6	2	2	5	5	5	4	2	6	6	2	4	1	6	4	3	5	3	2	6	3	6
412	5	7	1	3	2	6	3	1	3	5	1	2	4	6	5	2	6	1	4	1	4	7	6	4	5	2	1	2	5	1	1	5	6	4	3	3	4	4	2	2	2	5	3	3	6	3	5	6	4	6
413	4	6	1	2	2	6	3	3	2	4	1	2	4	6	6	3	4	1	4	1	5	7	5	4	5	2	1	1	6	2	2	6	6	5	5	1	5	4	3	3	3	5	1	4	5	3	2	7	3	6
414	2	7	2	3	4	5	2	1	4	6	1	2	4	6	4	2	4	1	3	1	3	7	6	5	3	3	1	1	6	3	1	5	6	5	4	3	4	5	2	4	1	5	5	3	6	2	5	6	2	6
415	2	7	1	1	1	5	4	2	3	4	1	2	3	7	6	1	5	1	4	2	4	6	6	5	5	3	1	2	4	1	2	5	5	4	3	4	6	5	3	2	2	6	3	5	6	3	4	6	3	6
416	4	6	1	2	4	4	3	3	2	6	1	2	3	6	5	2	6	1	2	1	4	7	6	5	3	3	1	2	6	3	1	4	5	6	4	2	5	5	1	3	1	5	2	5	4	5	3	7	4	6
417	3	7	1	3	2	6	2	2	2	4	1	3	4	6	5	3	6	1	3	2	4	7	6	4	3	3	1	2	5	1	1	5	6	5	4	2	4	5	2	4	1	6	3	5	5	5	4	6	1	6
418	3	6	2	4	4	5	5	1	2	4	1	2	2	6	6	2	4	1	5	1	3	7	6	3	3	5	1	1	6	2	3	4	5	4	3	2	5	6	3	2	1	6	4	5	5	3	4	7	1	6
419	3	7	1	2	2	6	2	3	2	5	1	3	2	6	4	1	6	1	2	1	4	6	5	5	4	3	1	1	6	1	3	5	5	4	5	3	4	6	2	4	3	6	3	4	6	5	4	7	2	5
420	3	7	1	2	3	6	2	1	3	5	1	2	3	6	5	2	5	1	4	2	5	6	6	4	3	3	1	1	5	1	2	5	6	5	4	4	6	4	1	2	2	6	4	4	4	5	3	7	3	6
421	5	7	1	4	1	5	2	2	3	4	1	3	5	7	5	1	6	1	2	2	3	6	5	5	5	4	1	1	4	2	1	4	6	5	2	4	4	6	3	3	2	6	2	4	6	3	3	6	3	6
422	3	6	1	3	4	5	4	2	4	5	1	2	4	6	5	2	6	1	3	1	3	7	5	5	3	4	1	1	5	1	1	5	6	4	4	2	6	6	2	3	2	6	4	2	6	2	3	7	3	5
423	3	7	3	3	3	6	3	1	2	5	1	3	4	5	5	2	6	1	2	1	4	6	6	4	4	2	1	1	5	1	2	5	6	5	4	2	5	6	3	2	1	6	4	4	4	5	3	7	2	6
424	5	7	1	3	3	5	2	2	3	6	1	3	5	7	3	2	5	1	2	1	4	6	6	5	3	2	1	1	4	1	1	6	6	5	4	4	5	4	3	4	2	6	2	4	5	3	4	6	2	6
425	4	6	2	2	3	6	3	2	2	6	1	2	4	6	5	1	6	1	4	2	5	7	5	4	4	3	1	1	5	1	1	5	6	3	4	2	6	5	3	2	3	6	4	3	3	4	5	7	1	5
426	5	6	2	2	3	6	2	1	3	4	1	2	3	6	4	1	4	1	4	1	4	7	5	3	4	3	1	2	5	1	1	5	6	3	2	5	5	4	2	2	3	6	4	5	6	6	5	7	3	6
427	5	6	1	2	4	6	2	2	2	4	1	2	5	7	5	4	5	1	4	2	5	7	6	3	4	3	1	1	6	2	1	5	5	3	3	2	4	4	1	3	1	6	4	3	6	3	5	6	3	6
428	5	7	1	2	1	5	3	3	2	4	1	2	2	6	4	2	5	2	2	1	5	6	6	4	4	3	1	1	6	1	3	5	6	3	3	4	5	5	3	3	1	6	4	4	6	5	4	7	2	6
429	2	3	6	5	2	4	2	6	1	5	2	6	1	2	4	6	4	3	2	5	3	5	3	1	4	4	3	5	4	6	5	6	5	1	5	1	2	1	3	6	1	3	4	6	1	3	7	2	4	7
430	2	4	6	5	3	4	1	6	1	5	2	6	2	2	3	6	4	3	3	4	2	5	1	2	5	1	3	5	2	6	6	6	5	2	5	1	4	1	3	4	1	3	4	7	1	3	6	4	5	7
431	4	4	6	6	2	5	1	7	1	4	3	5	1	2	4	6	4	2	1	3	1	5	3	1	3	3	5	5	4	6	6	6	2	3	6	1	2	2	3	4	1	5	4	6	3	2	5	2	5	7
432	3	5	6	6	4	4	2	5	1	5	4	3	1	1	6	5	3	2	2	6	1	5	2	2	2	3	5	6	4	6	5	4	3	1	3	1	4	1	3	3	1	5	6	6	2	2	7	4	4	7
433	2	2	5	3	4	4	1	6	1	5	4	6	1	1	5	5	4	2	2	5	2	6	3	2	3	2	3	6	3	7	5	6	4	1	4	1	4	1	3	5	1	5	6	6	2	4	6	3	3	7
434	2	3	5	5	4	5	2	6	1	5	3	6	1	2	3	4	3	2	2	4	2	6	1	2	4	3	5	5	3	7	5	6	3	1	6	1	2	1	5	4	1	3	4	6	1	4	6	4	6	7
435	4	5	5	3	4	5	2	6	1	6	5	5	2	2	5	4	3	3	1	3	2	7	3	2	2	1	2	4	4	6	6	5	5	1	6	1	3	1	3	4	1	3	4	6	1	2	6	4	6	7
436	2	5	5	3	3	5	2	6	1	5	5	4	2	1	4	5	6	3	2	2	1	6	2	1	5	4	3	4	3	6	6	6	3	2	5	1	4	1	2	4	1	3	6	7	1	4	6	3	4	7
437	3	4	6	5	3	6	1	6	1	5	4	4	1	3	2	5	5	2	2	2	2	6	2	1	4	3	2	6	4	6	4	5	3	2	6	1	4	1	5	4	1	3	5	6	1	3	7	3	5	7
438	2	5	6	3	3	5	1	6	1	4	4	3	2	3	4	6	3	2	3	4	1	6	1	3	3	2	2	4	4	5	5	6	2	2	6	1	5	1	4	6	1	4	5	7	1	5	5	2	6	7
439	3	5	4	5	4	4	1	6	1	5	4	5	2	2	5	6	2	3	3	3	1	7	3	1	3	2	2	5	2	6	6	6	4	2	5	1	2	1	5	4	1	4	6	6	1	3	6	3	4	7
440	2	5	6	4	3	6	1	6	1	4	3	4	2	3	5	5	5	2	3	5	1	6	2	1	5	1	3	4	3	6	4	4	5	1	7	1	2	2	2	4	1	5	6	6	2	3	6	4	3	7
441	4	3	4	5	4	6	1	6	1	4	4	5	1	3	5	6	2	3	2	3	2	5	2	1	5	3	3	6	3	7	5	6	5	1	6	1	4	1	2	5	1	3	4	6	2	2	6	2	4	7
442	2	2	4	5	4	5	2	6	1	4	4	6	1	3	4	6	4	3	1	5	2	5	2	1	3	2	4	5	3	6	6	7	5	1	6	1	3	1	3	6	1	3	5	6	2	2	5	3	4	7
443	3	5	4	5	4	4	2	6	1	5	5	5	1	2	4	5	2	3	3	4	2	6	2	1	5	2	3	6	2	7	5	6	6	1	4	1	3	1	3	6	1	3	4	6	1	3	6	2	4	7
444	4	4	5	5	2	3	1	6	1	3	4	6	1	2	4	5	3	2	3	5	1	6	3	2	4	3	4	5	5	6	6	4	2	1	5	1	2	1	2	6	1	5	6	7	2	4	6	3	3	7
445	3	2	4	4	4	6	1	7	1	5	4	4	2	2	2	5	3	2	1	3	1	6	3	1	5	2	5	5	3	6	5	6	5	3	6	1	3	2	2	4	1	3	6	6	1	4	6	4	5	7
446	4	3	6	3	4	6	1	6	1	5	2	5	1	2	5	6	2	3	3	4	1	5	3	2	4	2	2	4	3	6	5	6	2	2	6	1	3	1	5	4	1	4	4	7	1	3	6	5	5	7
447	2	3	6	3	3	4	1	6	1	4	3	5	1	2	4	6	4	2	3	3	2	6	1	3	4	2	5	5	5	7	5	6	4	2	6	1	2	1	4	3	1	4	5	6	1	2	6	5	5	7
448	3	4	6	5	2	3	2	6	1	5	3	5	1	1	3	6	4	3	2	4	2	6	1	2	3	1	4	5	2	7	6	5	3	2	6	1	4	1	4	6	1	5	5	6	2	3	5	4	4	7
449	3	3	6	4	5	5	2	6	1	5	4	4	1	3	4	3	5	2	1	4	3	6	2	1	2	2	3	6	4	7	6	6	4	1	6	1	2	1	3	4	1	2	5	5	3	2	6	5	5	7
450	3	4	6	5	2	6	2	7	1	5	5	5	1	1	4	5	3	3	2	3	1	6	2	2	2	3	4	3	4	6	5	6	5	1	6	1	2	1	5	4	1	3	4	6	2	4	6	4	3	7
451	3	4	6	3	3	5	2	6	1	6	2	4	2	2	5	5	3	3	1	4	1	5	2	2	4	3	3	5	2	7	6	4	4	1	5	1	5	1	2	4	1	4	6	6	1	5	6	3	6	7
452	4	4	6	5	2	5	1	6	1	4	3	5	1	2	5	6	3	2	3	3	3	7	1	2	4	2	3	5	3	6	5	6	4	1	6	1	4	1	2	5	1	4	5	6	2	2	6	3	4	7
453	4	3	6	5	3	4	2	6	1	3	4	6	1	2	4	6	3	2	1	4	1	6	1	2	3	3	5	6	4	6	4	5	3	2	4	1	5	1	3	6	1	5	5	5	2	2	7	2	5	7
454	3	4	6	5	4	4	2	6	1	3	4	5	1	1	3	6	3	4	2	5	1	6	2	3	4	2	2	6	3	7	6	5	3	2	6	1	2	1	2	5	1	3	5	5	1	4	6	4	5	7
455	2	3	5	3	5	6	1	6	1	4	3	5	1	2	5	5	3	4	2	4	2	7	3	1	5	2	3	6	2	5	4	6	4	1	6	1	4	1	3	4	1	3	4	6	2	2	6	5	6	7
456	2	3	6	5	3	5	2	6	1	3	3	4	2	1	5	5	4	3	2	5	1	5	2	1	3	2	4	6	3	6	4	6	5	2	6	1	2	1	3	6	1	6	4	7	1	4	5	4	4	7
457	2	4	4	5	5	4	2	6	1	4	2	6	2	3	3	6	5	1	2	3	1	6	2	2	5	2	3	5	3	7	6	6	4	1	4	1	3	1	3	5	1	5	5	6	1	4	6	3	4	7
458	3	5	4	3	4	4	1	6	1	5	5	6	1	2	3	4	6	2	3	4	2	5	3	2	6	1	5	4	2	6	5	4	4	2	6	1	2	1	2	6	1	3	5	7	1	3	6	3	5	7
459	2	3	6	5	2	4	2	7	1	3	4	3	1	2	5	6	4	2	1	5	2	6	2	1	3	3	3	5	3	5	4	4	5	2	5	1	4	1	3	6	1	4	6	6	1	5	6	4	6	7
460	4	4	4	3	2	5	2	7	1	3	4	3	1	3	4	6	3	1	2	3	2	6	2	2	5	3	5	5	5	6	4	6	2	1	6	1	5	1	2	5	1	4	6	6	1	3	6	4	5	7
461	2	5	4	6	3	5	1	6	1	4	3	4	2	3	5	4	4	2	2	3	1	6	2	2	5	2	5	4	2	6	5	6	3	1	6	1	4	1	3	5	1	3	4	7	1	3	6	5	6	7
462	2	5	6	5	3	4	2	5	1	4	3	5	1	2	4	6	5	2	3	4	1	6	2	2	4	3	3	4	3	6	6	5	2	1	5	1	4	1	2	4	1	3	6	6	1	3	7	5	6	7
463	3	5	4	6	3	6	1	6	1	4	4	3	1	2	2	3	3	2	2	4	2	6	1	2	5	3	4	5	4	7	5	5	2	2	6	1	5	1	3	3	1	5	6	6	1	4	6	4	5	7
464	3	3	6	3	2	4	1	6	1	6	3	4	2	1	6	4	3	3	1	5	2	5	2	1	3	2	5	6	4	6	5	5	4	2	5	1	2	1	3	5	1	4	6	7	2	4	6	5	4	7
465	4	5	6	3	2	4	2	6	1	5	3	4	2	1	4	6	5	3	1	4	2	5	3	2	2	2	5	6	3	6	6	5	3	1	6	1	4	1	2	5	1	3	5	7	1	4	6	3	4	7
466	3	4	5	6	2	6	2	5	1	5	5	4	1	1	4	6	3	3	2	5	1	6	2	2	3	2	4	5	4	7	4	5	3	2	5	1	4	1	2	4	1	3	6	6	1	3	6	3	6	7
467	3	5	4	3	3	5	1	7	1	3	2	3	2	3	5	5	5	4	1	3	2	6	2	1	4	1	2	4	3	6	6	6	4	2	6	1	2	1	4	6	1	5	4	6	2	4	6	5	5	7
468	1	6	7	4	6	6	5	5	2	1	5	6	1	4	6	1	3	6	5	2	3	2	4	6	3	2	5	1	4	3	2	5	4	1	4	2	2	7	3	5	4	3	6	3	3	5	1	4	2	1
469	2	5	7	5	6	4	3	3	1	2	4	6	1	3	6	1	4	7	3	4	2	4	6	5	2	2	4	1	4	6	1	6	5	1	6	2	3	6	4	5	3	3	3	5	2	5	1	5	2	1
470	1	6	6	5	6	5	4	3	2	1	5	6	1	5	6	1	3	7	5	2	2	2	6	5	3	2	4	1	6	3	1	6	5	1	4	3	3	7	3	5	3	2	4	4	4	4	2	4	1	2
471	2	5	6	6	7	3	4	4	3	1	5	4	1	5	6	1	4	7	4	2	1	3	5	4	2	2	3	2	6	6	1	5	6	1	4	1	4	6	3	3	3	5	6	5	2	5	2	3	2	1
472	2	6	6	5	6	4	2	3	3	1	5	5	1	3	7	2	3	7	5	2	4	2	6	6	4	1	5	1	5	4	1	6	4	1	3	2	3	6	2	4	3	5	4	5	4	6	1	3	2	1
473	1	6	6	4	6	6	3	2	3	1	4	5	1	2	5	2	5	7	2	2	4	3	5	6	4	3	6	1	6	5	1	5	6	1	4	3	4	7	3	3	5	4	4	2	2	5	1	3	2	1
474	2	6	6	5	7	5	4	3	2	1	4	6	1	3	5	2	3	7	3	2	1	1	6	6	2	2	4	1	4	5	1	6	5	1	6	3	5	6	5	4	3	4	4	3	3	5	2	4	2	1
475	1	6	6	4	6	6	2	4	1	1	3	6	1	5	4	1	4	7	4	3	2	3	6	6	3	2	5	2	6	5	1	4	5	1	5	1	3	7	4	3	3	4	5	5	2	5	3	2	2	2
476	3	5	5	6	5	4	2	3	3	1	3	6	1	4	6	1	4	7	4	3	2	4	4	5	3	1	7	2	6	4	1	6	6	1	6	2	4	6	2	3	5	3	5	5	2	5	1	2	2	1
477	2	6	6	5	6	4	4	3	2	1	3	6	1	3	5	1	5	7	5	2	2	4	6	4	4	1	5	1	6	3	1	5	6	1	4	2	3	7	3	5	4	2	6	4	3	5	2	3	1	2
478	4	7	6	5	6	6	2	3	2	1	5	5	1	4	5	1	5	6	3	1	2	2	6	6	2	2	4	1	6	3	1	6	5	1	4	3	1	7	4	4	5	3	5	3	4	4	3	3	2	2
479	2	6	7	4	6	4	3	4	2	1	4	5	1	5	6	1	3	6	5	4	2	2	5	6	5	2	4	2	5	5	1	4	4	1	6	3	3	7	3	6	3	3	3	5	2	6	1	2	1	1
480	3	5	7	4	6	6	4	4	1	1	4	5	1	6	6	1	3	6	3	2	3	2	5	6	5	2	4	2	6	6	1	3	4	1	5	1	2	7	5	4	5	4	3	3	2	5	2	3	2	1
481	1	6	7	4	6	4	2	3	3	2	5	4	1	2	6	1	5	6	4	3	2	4	6	6	4	3	6	1	5	5	1	5	6	1	5	2	4	7	2	5	2	3	3	3	3	5	1	4	2	1
482	3	6	6	6	7	4	2	4	2	2	5	6	1	5	6	1	3	7	4	5	2	3	4	5	2	1	5	1	6	3	1	6	4	1	5	3	3	6	2	4	5	4	3	5	2	3	2	4	1	1
483	3	6	7	5	6	5	4	2	1	2	5	6	1	3	6	1	3	7	4	2	2	4	5	6	3	3	6	2	5	4	1	5	6	1	4	3	2	6	5	4	3	3	5	4	1	4	1	2	1	2
484	2	6	6	6	7	5	3	3	2	1	4	6	1	5	6	1	5	7	5	4	4	3	6	5	3	2	3	1	6	5	1	5	5	1	4	2	3	6	4	4	2	2	4	4	2	3	1	3	2	1
485	3	5	6	3	7	6	2	4	3	1	4	6	1	3	6	1	6	6	3	1	3	3	6	5	2	2	5	1	5	2	2	5	6	1	5	3	4	7	4	2	5	4	4	2	4	4	1	5	2	1
486	2	4	6	5	5	6	3	5	2	2	4	6	1	4	5	1	4	7	4	2	2	3	3	6	3	1	6	2	5	5	1	4	6	1	6	2	5	7	3	3	4	3	5	3	4	6	1	2	1	1
487	2	5	7	5	6	6	4	4	3	1	3	6	1	4	5	1	2	7	5	3	2	3	4	6	5	1	6	2	6	3	2	4	6	1	3	3	2	6	3	4	4	2	5	5	2	5	1	4	1	1
488	2	6	6	3	6	4	4	3	1	2	4	6	1	4	6	1	3	7	3	2	3	2	6	6	3	3	4	1	5	5	2	5	6	1	4	1	5	7	2	4	5	4	5	3	2	5	1	5	2	1
489	3	7	5	2	6	6	3	3	3	2	5	4	1	3	5	1	4	7	5	4	4	2	6	6	4	1	6	2	6	5	1	4	5	1	4	2	3	6	3	6	2	2	5	3	1	5	2	4	1	1
490	2	4	5	4	7	6	4	2	3	1	5	6	1	5	6	1	5	7	4	3	2	3	6	6	2	1	4	1	6	5	1	4	5	1	4	3	2	6	4	5	3	5	6	3	2	3	2	3	2	1
491	2	6	5	6	6	4	3	3	1	2	3	5	1	4	5	1	2	7	3	3	2	2	4	6	5	2	4	1	4	6	1	5	6	1	4	3	5	7	4	6	4	5	5	3	2	6	1	3	2	1
492	2	6	6	5	7	5	2	3	1	1	3	6	1	3	6	1	3	7	4	4	4	2	6	4	4	2	4	1	5	4	1	5	6	1	6	3	2	6	5	5	3	5	5	2	2	3	2	4	3	1
493	3	6	6	5	7	6	4	4	4	1	6	6	1	3	6	1	3	7	5	1	2	2	5	5	3	1	5	1	5	4	1	5	6	1	4	2	2	6	5	4	4	3	4	2	2	3	2	3	3	2
494	1	4	6	4	6	5	3	5	2	1	3	6	1	3	5	1	5	7	3	2	2	1	6	5	5	2	6	1	6	4	2	3	6	1	5	1	4	7	4	5	4	3	4	4	2	6	2	3	3	2
495	2	6	6	5	6	5	4	4	3	2	4	6	1	3	5	1	4	7	3	2	3	4	6	5	3	1	5	1	6	2	1	6	6	1	4	1	3	7	2	5	4	5	3	4	2	5	2	3	2	1
496	1	6	7	5	7	5	3	4	2	2	5	6	1	2	6	1	3	6	5	2	3	2	3	6	3	3	5	1	4	4	1	6	5	1	5	4	4	6	3	4	2	5	4	4	2	6	1	3	2	1
497	3	6	6	5	6	5	4	3	1	1	4	6	1	3	5	1	3	7	4	5	2	4	6	6	3	2	4	1	5	3	1	6	6	1	4	2	5	7	4	3	2	2	4	5	2	5	2	3	2	1
498	2	4	6	5	6	6	2	3	2	1	4	6	1	2	6	1	4	7	3	4	2	3	6	5	5	1	6	2	6	5	1	5	5	1	3	3	4	7	3	3	4	2	5	4	4	5	1	2	3	1
499	4	6	6	5	7	4	2	4	2	2	3	5	1	4	7	1	4	6	4	2	2	3	6	6	5	1	5	1	5	3	1	6	6	1	5	4	2	6	3	4	5	3	3	3	1	5	2	3	2	1