	S0	S1	S2	S3	S4	S5	S6	S7	S8	S9	S10	S11	S12	S13	S14	S15	S16	S17	S18	S19	S20	S21	S22	S23	S24	S25	S26	S27	S28	S29	S30	S31	S32	S33	S34	S35	S36	S37	S38	S39	S40	S41	S42	S43	S44	S45	S46	S47	S48	S49
Y0	4	5	2	3	1	3	4	5	6	4	3	2	5	7	4	1	1	3	7	2	1	4	6	1	6	2	6	5	2	5	2	2	2	5	1	3	6	6	3	5	3	5	6	4	1	4	4	6	1	2
Y1	4	5	3	2	1	4	3	5	6	4	2	3	5	7	3	3	2	3	7	1	1	4	6	1	6	1	6	5	2	5	1	4	3	6	1	4	5	6	3	5	2	5	6	2	1	4	3	6	2	2
Y2	4	5	3	2	1	4	3	5	6	4	2	1	5	7	3	2	2	4	7	1	1	4	6	1	6	1	6	5	2	5	2	3	3	6	2	4	5	6	4	5	3	5	6	3	1	4	3	6	1	1
Y3	4	5	2	3	1	4	3	5	6	4	3	2	5	7	4	1	1	3	7	1	2	4	6	1	6	2	6	5	2	5	1	4	2	6	2	4	5	6	3	5	3	5	6	3	1	4	3	6	1	2
Y4	4	5	2	2	1	4	3	5	6	4	2	3	5	7	3	1	1	4	7	1	2	4	6	2	6	2	6	5	1	6	1	4	2	5	2	4	5	6	3	5	3	5	6	3	1	4	3	6	2	1
Y5	4	5	2	3	1	4	3	5	6	4	3	4	5	7	2	2	1	3	7	2	2	5	6	2	6	1	6	5	1	5	3	4	2	5	1	4	6	6	4	5	1	4	6	3	1	3	3	6	2	1
Y6	4	5	3	1	2	4	3	5	6	4	1	3	5	7	3	1	2	4	7	3	1	4	6	1	6	1	6	5	1	5	3	4	3	5	2	4	6	6	1	5	2	5	6	4	2	2	3	6	1	2
Y7	3	5	3	3	1	4	3	5	6	3	3	2	5	7	4	1	1	2	7	2	1	5	6	1	6	1	6	5	1	6	4	4	3	5	2	4	5	6	2	5	3	4	6	4	1	2	3	6	2	2
Y8	4	5	2	1	1	4	3	5	6	4	1	3	5	7	3	3	2	3	7	2	1	4	6	1	6	1	6	5	2	5	2	2	2	6	3	4	5	6	4	5	3	5	6	4	1	4	3	6	1	1
Y9	4	5	3	1	1	4	2	5	6	4	1	3	5	7	3	1	2	4	7	1	1	5	6	1	6	2	6	5	2	5	2	2	3	6	3	4	5	6	4	5	3	4	6	4	1	3	2	6	1	2
Y10	4	5	2	1	1	4	3	5	6	4	1	3	5	7	1	1	2	4	7	2	2	4	6	1	6	2	6	5	1	6	3	4	2	5	3	4	5	6	3	5	3	5	6	4	1	2	3	6	1	2
Y11	4	5	3	1	2	4	3	5	6	4	1	2	5	7	3	2	1	4	7	1	3	4	6	1	6	3	6	5	1	5	2	3	3	5	2	4	6	6	2	5	3	5	6	4	2	2	3	6	1	1
Y12	4	5	1	3	2	4	2	5	6	4	3	1	5	7	3	2	1	4	7	3	1	4	6	2	6	1	6	5	1	5	3	3	1	5	2	4	6	6	4	5	3	5	6	4	2	3	2	6	1	2
Y13	4	5	2	2	1	4	3	5	6	4	2	3	5	7	3	1	2	2	7	1	1	5	6	1	6	2	6	5	2	6	3	3	2	5	3	4	5	6	4	5	3	4	6	4	1	4	3	6	1	1
Y14	4	5	3	1	1	4	3	6	6	4	1	2	5	7	3	1	1	3	7	2	1	4	6	2	6	2	6	5	2	5	3	4	3	5	1	4	5	6	2	5	3	5	6	4	1	3	3	6	2	2
Y15	3	5	4	1	1	4	3	5	6	3	1	3	5	7	3	1	2	4	7	2	1	4	6	2	6	1	6	5	1	5	3	2	4	6	2	4	5	6	4	5	2	5	6	4	1	3	3	6	2	1
Y16	3	5	3	1	2	4	3	5	6	3	1	3	5	7	2	1	1	4	7	2	1	4	6	2	6	1	6	5	1	6	2	4	3	5	2	4	5	6	3	5	3	5	6	4	2	4	3	6	1	2
Y17	4	5	3	1	3	4	3	5	6	4	1	1	5	7	2	2	2	4	7	2	3	4	6	1	6	2	6	5	1	5	2	4	3	5	2	4	6	6	1	5	1	5	6	3	3	2	3	6	1	3
Y18	3	5	1	2	2	4	3	5	6	3	2	2	5	7	3	1	1	4	7	1	1	4	6	2	6	1	6	5	1	5	4	3	1	6	3	4	5	6	2	5	3	5	6	4	2	4	3	6	2	3
Y19	4	5	2	2	2	4	3	5	6	4	2	3	5	7	3	1	1	4	7	2	1	4	6	1	6	1	6	5	1	5	3	2	2	5	1	4	6	6	3	5	3	5	6	4	2	3	3	6	1	2
Y20	3	5	2	2	1	3	4	5	6	3	2	4	5	7	3	1	1	4	7	1	2	4	6	2	6	1	6	5	2	6	3	4	2	5	1	3	5	6	3	5	3	5	6	4	1	4	4	6	2	1
Y21	4	5	2	1	2	4	2	5	6	4	1	3	5	7	3	2	2	4	7	1	1	4	6	1	6	1	6	5	1	5	3	4	2	5	3	4	6	6	3	5	2	5	6	3	2	4	2	6	1	3
Y22	4	5	2	1	2	4	3	5	6	4	1	3	5	7	3	1	1	4	7	3	1	5	6	1	6	1	6	5	2	5	2	3	2	6	3	4	5	6	3	5	2	4	6	4	2	4	3	6	1	1
Y23	4	5	2	1	1	3	4	5	6	4	1	3	5	7	3	2	2	3	7	1	2	5	6	2	6	2	6	5	2	5	3	4	2	5	1	3	6	6	4	5	3	4	6	4	1	3	4	6	1	1
Y24	3	5	3	1	2	4	4	5	6	3	1	3	5	7	1	2	1	2	7	1	2	4	6	1	6	2	6	5	1	5	3	4	3	5	3	4	6	6	4	5	2	5	6	4	2	3	4	6	1	2
Y25	4	5	2	2	2	4	3	5	6	4	2	3	5	7	3	2	1	4	7	3	1	5	6	2	6	1	6	5	1	6	3	4	2	5	1	4	5	6	3	5	1	4	6	4	2	1	3	6	1	3
Y26	4	5	3	2	1	4	3	5	6	4	2	1	5	7	2	2	2	3	7	2	2	4	6	1	6	1	6	5	1	6	3	4	3	5	2	4	5	6	4	5	2	5	6	3	1	4	3	6	1	1
Y27	4	5	3	2	2	3	3	5	6	4	2	1	5	7	2	1	1	4	7	3	3	4	6	1	6	2	6	5	2	6	1	4	3	5	1	3	5	6	4	5	2	5	6	3	2	4	3	6	1	1
Y28	3	5	3	2	1	4	3	5	6	3	2	1	5	7	3	1	2	4	7	2	2	4	6	2	6	1	6	5	2	5	4	4	3	5	1	4	6	6	2	5	4	5	6	4	1	3	3	6	1	1
Y29	4	5	2	2	1	4	3	5	6	4	2	3	5	7	3	2	1	4	7	1	1	4	6	1	6	1	6	5	2	6	3	4	2	5	1	4	5	6	4	5	3	5	6	3	1	3	3	6	2	2
Y30	4	5	3	2	1	4	3	5	6	4	2	2	5	7	3	2	2	4	7	2	1	4	6	1	6	1	6	5	1	5	3	4	3	6	2	4	5	6	3	5	1	5	6	4	1	3	3	6	2	1
Y31	4	5	1	2	3	4	2	5	6	4	2	3	5	7	2	2	1	3	7	1	2	4	6	1	6	1	6	5	1	5	3	4	1	6	1	4	5	6	3	5	3	5	6	4	3	4	2	6	2	3
Y32	4	5	4	2	1	3	3	5	6	4	2	1	5	7	4	1	2	4	7	2	2	4	6	1	6	1	6	5	1	5	3	3	4	6	2	3	5	6	3	5	2	5	6	3	1	4	3	6	1	2
Y33	4	5	2	2	1	4	2	5	6	4	2	3	5	7	3	1	2	4	7	2	1	5	6	2	6	1	6	5	1	5	3	3	2	6	3	4	5	6	4	5	3	4	6	3	1	4	2	6	1	1
Y34	4	5	3	2	1	3	3	5	6	4	2	3	5	7	4	1	2	4	7	2	1	4	6	1	6	2	6	5	1	5	3	4	3	5	1	3	6	6	1	5	2	5	6	4	1	3	3	6	2	2
Y35	4	5	3	1	2	4	2	5	6	4	1	2	5	7	4	2	1	4	7	1	1	4	6	1	6	2	6	5	2	5	3	3	3	6	3	4	5	6	3	5	3	5	6	4	2	3	2	6	1	1
Y36	4	5	2	3	2	4	2	5	6	4	3	3	5	7	3	1	1	4	7	2	1	4	6	1	6	1	6	5	1	6	3	4	2	5	1	4	5	6	3	5	2	5	6	4	2	3	2	6	1	2
Y37	4	5	3	1	1	4	2	5	6	4	1	3	5	7	3	2	1	3	7	2	2	4	6	1	6	1	6	5	2	5	3	4	3	5	1	4	6	6	4	5	2	5	6	4	1	3	2	6	2	2
Y38	4	5	2	3	1	3	3	5	6	4	3	1	5	7	4	1	1	4	7	1	1	4	6	2	6	1	6	5	2	6	3	4	2	5	2	3	5	6	4	5	3	5	6	4	1	2	3	6	1	2
Y39	4	3	3	2	6	4	3	6	1	4	4	3	6	2	1	1	3	6	1	1	1	3	4	2	5	6	5	3	4	7	2	5	4	6	6	3	7	5	5	4	2	6	2	2	4	2	1	3	1	5
Y40	5	3	3	2	6	5	3	5	2	4	4	1	6	1	2	1	2	6	3	2	3	1	5	2	6	6	4	3	4	7	2	5	5	6	6	3	7	4	4	4	1	6	1	3	5	1	2	3	1	5
Y41	5	1	4	1	6	5	3	5	3	4	4	1	6	1	2	1	3	6	3	1	2	2	4	2	6	6	4	1	3	7	1	5	5	6	6	4	7	5	5	4	2	6	2	3	4	2	2	3	3	5
Y42	5	2	3	2	6	5	3	5	3	4	4	2	6	1	1	1	2	6	2	1	2	1	4	1	6	6	4	2	4	7	2	5	5	6	6	3	7	5	4	4	3	6	1	3	5	2	3	3	1	5
Y43	5	1	2	2	6	5	3	6	3	4	4	3	6	3	1	1	2	6	3	3	2	1	4	1	6	6	4	1	4	7	2	5	5	6	5	2	7	5	4	4	3	6	1	2	5	1	4	3	2	5
Y44	4	3	4	1	6	4	1	5	1	4	4	2	6	3	1	3	2	6	3	2	3	2	4	1	6	6	5	3	2	7	1	5	4	6	6	4	7	5	5	4	3	6	1	3	5	1	2	1	2	5
Y45	5	2	2	1	6	5	1	5	3	4	4	3	6	2	1	3	3	6	3	3	2	1	4	2	6	6	4	2	4	7	1	5	5	6	6	2	7	4	5	4	3	6	2	4	5	1	3	1	1	5
Y46	5	1	3	1	6	5	3	5	3	4	4	2	6	2	1	1	2	6	4	2	2	3	4	1	6	6	4	1	4	7	1	5	5	6	6	3	7	5	5	4	3	6	1	3	4	2	2	3	2	5
Y47	5	2	1	3	6	5	1	5	3	4	4	1	6	3	3	1	3	6	2	3	2	1	4	1	6	6	4	2	4	7	3	5	5	6	6	1	7	5	5	4	4	6	1	2	4	2	3	1	2	5
Y48	4	1	2	3	6	4	1	6	1	4	4	2	6	2	1	2	3	6	4	1	1	3	4	3	6	6	4	1	2	7	3	5	4	6	5	2	7	5	5	4	3	6	2	3	5	2	4	1	3	5
Y49	5	2	3	1	6	5	4	5	1	4	4	3	6	3	1	2	3	6	3	2	2	3	4	1	6	6	4	2	3	7	1	5	5	6	6	3	7	5	5	4	2	6	2	1	4	1	2	4	1	5
Y50	5	2	3	1	6	5	4	5	1	5	4	2	6	3	1	3	1	6	3	2	2	3	4	1	6	6	4	2	3	7	1	5	5	6	6	3	7	5	4	4	1	6	2	2	4	1	3	4	2	5
Y51	4	1	2	3	6	4	4	5	1	4	4	2	6	3	2	3	2	6	1	1	1	2	4	3	6	6	5	1	1	7	3	5	4	6	6	2	7	5	5	4	3	6	3	1	4	2	3	4	2	5
Y52	5	2	3	2	6	5	2	6	2	4	4	3	6	3	3	1	1	6	4	2	1	2	4	1	6	6	4	2	4	7	2	5	5	6	5	3	7	5	4	4	3	6	1	1	5	1	3	2	1	5
Y53	5	2	3	1	6	5	4	5	1	4	4	2	6	3	2	1	3	6	1	2	2	2	4	2	6	6	4	2	3	7	1	5	5	6	6	3	7	5	4	4	3	6	1	1	5	2	3	4	1	5
Y54	5	2	3	2	6	5	3	5	1	4	4	3	6	3	2	1	1	6	4	1	3	2	4	1	6	6	4	2	4	7	2	5	5	6	6	3	7	5	4	4	2	6	2	1	5	2	1	3	1	5
Y55	5	1	3	2	6	5	2	5	3	4	4	1	6	3	1	3	2	6	2	2	2	1	4	1	6	6	4	1	4	7	2	5	5	6	6	3	7	5	5	4	3	6	1	3	4	1	3	2	3	5
Y56	5	1	2	2	6	5	4	5	2	4	4	3	6	3	1	2	1	6	1	1	1	3	4	1	6	6	4	1	4	7	2	5	5	6	6	2	7	5	5	3	3	6	1	3	4	3	2	4	3	5
Y57	4	2	3	1	6	4	3	5	2	4	4	1	6	2	1	2	3	6	4	1	2	2	4	1	6	6	4	2	4	7	1	5	4	6	6	3	7	5	5	3	2	6	2	3	5	1	3	3	1	5
Y58	5	1	4	2	6	5	3	5	2	4	4	3	6	3	2	1	2	6	2	1	2	3	4	1	6	6	4	1	3	7	2	5	5	6	6	4	7	5	4	4	3	6	1	3	5	1	2	3	1	5
Y59	4	3	3	1	6	4	3	5	2	4	4	2	6	2	1	2	2	6	3	2	1	1	4	2	6	6	4	3	4	7	1	5	4	6	6	3	7	5	5	4	2	6	1	3	5	1	3	3	1	5
Y60	5	2	4	1	6	5	2	5	3	4	4	3	6	3	1	3	1	6	3	1	1	1	4	3	6	6	4	2	2	7	1	5	5	6	6	4	7	5	5	4	3	6	1	2	4	2	1	2	2	5
Y61	5	1	3	2	6	5	2	5	2	4	4	2	6	3	1	3	1	6	3	2	1	3	4	2	6	6	4	1	3	7	2	5	5	6	6	3	7	5	5	4	4	6	1	3	4	1	3	2	1	5
Y62	5	2	4	2	6	5	2	5	3	4	4	1	6	2	1	3	2	6	3	1	3	3	4	3	6	6	4	2	3	7	2	5	5	6	6	4	7	5	5	4	1	6	1	1	4	1	3	2	1	5
Y63	5	3	3	2	6	5	3	5	1	4	4	3	6	2	1	2	1	6	4	2	1	1	4	1	6	6	4	3	4	7	2	5	5	6	6	3	7	5	5	4	3	6	2	2	4	1	2	3	1	5
Y64	4	2	3	1	6	4	3	5	2	4	4	1	6	1	3	2	3	6	3	1	2	2	4	2	6	6	5	2	4	7	1	5	4	6	6	3	7	5	5	4	1	6	2	2	4	1	4	3	1	5
Y65	5	1	2	1	6	5	3	5	1	4	5	1	6	2	1	3	2	6	3	1	3	3	4	2	6	6	4	1	4	7	1	5	5	6	6	2	7	5	4	4	4	6	2	3	4	2	2	3	3	5
Y66	5	1	3	1	6	5	1	5	3	4	4	3	6	2	2	3	3	6	2	1	3	2	4	2	6	6	4	1	4	7	1	5	5	6	6	3	7	4	5	4	3	6	1	3	5	1	2	1	2	5
Y67	5	2	3	2	6	5	2	5	1	4	4	3	6	1	3	1	3	6	2	3	1	2	4	1	6	6	4	2	4	7	2	5	5	6	6	3	7	5	5	4	3	6	1	3	5	3	1	2	1	4
Y68	5	1	3	2	6	5	1	5	3	4	4	1	6	4	2	1	1	6	4	3	1	3	4	2	6	6	4	1	2	7	2	5	5	6	6	3	7	5	5	4	3	6	2	3	4	2	2	1	3	5
Y69	5	1	2	2	6	5	3	5	2	4	4	3	6	1	1	1	3	6	4	1	3	2	4	2	6	6	4	1	4	7	2	5	5	6	6	2	7	5	5	4	3	6	1	1	4	2	3	3	2	5
Y70	5	2	3	2	6	5	1	5	3	4	4	3	6	3	2	2	3	6	4	2	1	1	4	1	6	6	4	2	4	7	2	5	5	6	6	3	7	5	5	4	1	6	1	3	4	3	2	1	1	5
Y71	5	2	3	1	6	5	3	5	3	4	4	1	6	2	3	2	2	6	4	1	2	2	3	1	6	6	4	2	4	7	1	5	5	6	6	3	7	5	4	4	4	6	1	3	5	1	2	3	1	5
Y72	5	2	1	1	6	5	3	5	2	4	4	2	6	2	1	2	3	6	4	1	1	3	4	2	6	6	4	2	3	7	1	5	5	6	6	1	7	5	4	4	4	6	3	3	5	1	2	3	3	5
Y73	5	1	3	1	6	5	3	5	2	4	4	1	6	2	2	2	3	6	3	3	1	3	5	1	6	6	4	1	3	7	1	5	5	6	6	3	7	4	5	4	4	6	2	2	4	2	1	3	2	5
Y74	5	2	3	1	6	5	2	5	3	4	4	2	6	1	1	1	3	6	3	1	3	1	4	2	6	6	4	2	4	7	1	5	5	6	6	3	7	5	4	4	4	6	3	3	5	1	2	2	2	5
Y75	5	1	3	2	6	5	2	5	3	4	4	1	6	1	3	2	1	6	4	2	1	3	4	2	6	6	4	1	3	7	2	5	5	6	6	3	7	5	4	4	4	6	2	3	5	1	3	2	1	5
Y76	5	2	3	1	6	5	4	6	1	4	4	3	6	3	2	3	1	6	1	2	2	1	4	1	5	6	4	2	2	7	1	5	5	6	6	3	7	5	4	4	2	6	3	3	5	2	2	4	1	5
Y77	5	3	3	2	6	5	3	6	2	4	4	3	6	1	3	1	1	6	2	2	1	1	4	1	6	5	4	3	4	7	2	5	5	6	6	3	7	5	4	4	1	6	2	4	5	2	1	3	2	5
Y78	5	2	1	4	3	3	2	6	6	6	3	7	3	1	5	5	6	6	3	4	1	2	3	5	4	5	1	4	5	5	2	2	1	5	4	2	2	3	4	4	7	3	1	2	1	6	1	4	6	6
Y79	4	1	2	4	1	2	1	6	6	6	1	7	3	1	5	5	6	6	4	4	2	1	2	4	4	4	1	4	6	6	3	3	3	5	4	3	2	3	5	5	7	2	2	1	2	6	1	3	5	5
Y80	5	1	2	4	3	2	1	6	6	6	3	7	1	2	5	5	6	6	4	2	2	1	2	4	4	5	2	4	5	6	3	3	3	5	4	3	1	1	4	5	7	3	1	1	2	6	2	4	6	5
Y81	5	1	1	4	3	3	2	6	6	6	3	7	3	2	5	5	6	6	4	2	1	2	3	4	4	5	1	4	6	5	2	3	3	5	3	1	2	2	4	5	7	4	1	1	1	6	1	4	6	5
Y82	5	1	2	4	3	3	1	6	6	6	3	7	3	1	5	5	6	6	4	2	2	1	3	4	4	5	1	3	5	6	2	4	3	5	4	2	2	3	4	5	7	2	1	1	1	6	2	4	6	5
Y83	5	1	2	4	1	3	2	6	6	6	1	7	4	1	5	5	6	6	4	3	2	2	3	4	3	5	1	4	5	5	3	4	3	5	3	2	1	4	4	5	7	2	2	1	2	6	1	3	6	6
Y84	4	2	1	4	3	2	1	6	6	6	3	7	3	2	5	5	6	6	3	2	1	1	2	5	4	4	1	4	5	6	1	4	3	5	4	2	1	3	5	5	7	3	2	2	1	6	1	4	6	5
Y85	5	1	2	4	3	3	1	6	6	6	3	7	2	1	5	5	6	6	4	3	2	1	3	4	4	5	2	3	5	6	2	4	2	5	3	3	2	4	4	5	7	1	1	1	2	6	1	4	5	6
Y86	5	2	1	4	3	2	1	6	6	6	3	7	4	3	5	5	6	6	3	2	1	1	2	4	4	5	1	3	5	6	2	4	2	5	3	4	2	3	4	5	7	3	1	2	1	6	1	4	5	6
Y87	4	2	1	4	3	3	1	6	6	6	3	7	2	1	5	5	6	6	3	3	1	1	3	5	4	4	1	4	5	6	2	4	2	4	4	3	2	3	5	5	7	2	1	2	2	6	1	4	5	6
Y88	5	2	1	4	2	3	1	6	6	6	2	7	4	2	5	5	6	6	3	4	1	1	3	4	4	5	1	4	5	6	2	4	3	5	2	2	3	3	4	5	7	3	1	2	1	6	1	3	5	6
Y89	4	1	1	4	1	3	2	6	6	6	1	7	2	2	5	5	6	6	4	4	1	2	3	4	4	4	2	3	5	6	2	4	3	5	3	3	1	3	5	5	7	3	1	1	2	6	1	4	5	6
Y90	5	1	1	4	2	2	2	6	6	6	2	7	2	1	5	5	6	6	4	3	1	2	2	4	4	5	1	3	5	6	3	3	3	4	4	4	1	4	5	5	7	3	2	1	2	6	1	3	6	5
Y91	4	1	1	5	2	3	1	6	6	6	2	7	3	1	5	5	6	6	4	3	1	1	3	5	4	4	2	4	5	5	3	4	2	5	3	3	2	3	4	5	7	2	2	1	2	6	1	4	6	6
Y92	4	1	1	5	2	3	1	6	6	6	2	7	4	2	5	5	6	6	4	3	1	1	3	4	4	4	1	3	5	6	2	3	3	5	4	3	2	3	5	5	7	2	1	1	2	6	2	4	6	5
Y93	4	1	1	5	2	3	1	6	6	6	2	7	3	2	5	5	6	6	4	2	1	1	3	4	4	4	1	3	5	6	2	4	3	5	4	3	2	2	5	5	7	3	1	1	2	6	2	4	5	6
Y94	4	1	1	5	2	2	1	6	6	6	2	7	3	3	5	5	6	6	4	3	1	1	2	4	4	4	3	4	5	6	2	4	3	5	4	3	1	2	5	5	7	3	1	1	1	6	2	3	6	5
Y95	4	1	1	4	3	3	2	6	6	6	3	7	2	1	5	5	6	6	3	2	1	2	3	5	4	4	1	2	5	6	3	4	3	5	4	2	1	3	5	5	7	4	1	1	2	6	1	4	5	6
Y96	4	1	1	5	3	3	2	6	6	6	3	7	3	1	5	5	6	6	4	3	1	2	3	4	4	4	1	4	5	6	1	4	2	5	2	3	2	3	5	5	7	2	2	1	1	6	2	4	6	5
Y97	4	1	1	5	2	3	1	6	6	6	2	7	3	2	5	5	6	6	4	3	1	1	3	5	3	4	2	3	5	6	1	4	2	5	4	4	2	3	4	5	7	3	2	1	2	6	1	4	5	6
Y98	4	1	1	5	3	3	1	6	6	6	3	7	3	1	5	5	6	6	3	4	1	1	3	4	4	4	2	4	5	6	2	2	3	5	4	3	2	2	5	5	7	2	1	1	2	6	2	4	5	6
Y99	4	1	1	4	3	4	1	6	6	6	3	7	2	2	6	5	6	6	3	4	1	1	4	5	4	4	1	3	5	5	2	3	2	5	3	3	1	3	4	5	7	2	2	1	2	6	2	4	6	5
Y100	5	1	1	4	3	3	1	6	6	6	3	7	2	1	5	5	6	6	4	3	1	1	3	4	4	5	2	2	5	5	2	4	3	5	4	3	2	3	4	5	7	2	1	1	2	6	1	4	6	6
Y101	4	1	2	4	3	2	1	6	6	6	3	7	3	1	5	5	6	6	4	3	2	1	2	4	4	4	2	4	5	6	3	4	3	5	3	1	2	2	5	5	7	3	1	1	2	6	1	4	6	5
Y102	5	1	1	4	2	3	1	6	6	6	2	7	2	2	5	5	6	6	4	4	1	1	3	4	4	5	2	3	5	5	2	4	2	5	3	3	1	3	4	5	7	3	1	1	1	6	2	4	6	6
Y103	5	1	2	4	3	2	1	6	6	6	3	7	2	2	6	5	6	6	4	2	2	1	2	4	4	5	1	3	5	6	1	4	3	5	4	3	2	3	4	5	7	3	1	1	2	6	1	4	5	5
Y104	4	1	1	4	3	2	1	6	6	6	3	7	3	1	5	5	6	6	4	2	1	1	2	4	4	4	1	4	5	6	3	4	3	5	3	3	2	3	5	5	7	2	2	1	2	6	1	4	6	5
Y105	4	1	1	4	2	4	1	6	6	6	2	7	2	2	5	5	6	6	3	3	1	1	4	4	4	4	1	3	5	6	2	4	3	5	3	2	3	3	5	5	7	3	1	1	2	6	2	4	6	5
Y106	5	2	1	4	2	3	1	6	6	6	2	7	3	1	5	5	6	6	3	3	1	1	3	4	4	5	2	4	5	6	1	4	3	5	4	2	2	3	4	5	7	3	1	2	1	6	2	4	6	5
Y107	4	2	1	5	3	2	1	6	6	6	3	7	4	2	6	5	6	6	3	4	1	1	2	4	4	4	1	2	5	6	2	3	2	5	4	3	1	3	5	5	7	3	2	2	1	6	1	4	5	5
Y108	5	1	2	4	1	3	2	6	6	6	1	7	4	2	5	5	6	6	3	2	2	2	3	4	4	5	1	3	6	5	3	4	2	5	4	3	1	3	5	4	7	3	1	1	1	6	2	4	5	6
Y109	4	1	1	5	3	3	2	6	6	6	3	7	2	1	5	6	6	6	3	2	1	2	3	4	4	4	1	4	5	5	2	4	3	5	4	2	1	3	4	5	7	3	1	1	2	6	1	4	6	5
Y110	5	1	1	4	2	3	1	6	6	6	2	7	2	2	5	5	6	6	4	3	1	1	3	4	4	5	2	4	5	6	2	3	3	5	4	3	1	3	4	5	7	3	2	1	1	6	2	4	6	5
Y111	4	2	1	5	3	3	1	6	6	6	3	7	2	1	5	5	6	6	4	2	1	1	3	4	4	4	1	3	5	6	1	4	2	5	3	3	2	4	5	5	7	3	1	2	2	6	1	4	6	5
Y112	4	1	1	4	3	2	1	6	6	6	3	7	3	1	5	5	6	6	3	4	1	1	2	5	4	4	1	4	5	5	3	4	2	5	3	2	2	3	5	5	7	3	2	1	1	6	2	4	6	6
Y113	5	1	1	4	3	2	1	6	6	6	3	7	4	2	5	5	6	6	4	3	1	1	2	4	4	5	2	3	5	6	2	4	3	5	3	3	2	3	5	4	7	2	1	1	1	6	1	4	6	5
Y114	4	2	1	4	2	4	2	6	6	6	2	7	1	2	5	5	6	6	3	3	1	2	4	5	4	4	1	3	5	6	3	3	2	5	4	3	1	3	4	5	7	3	1	2	1	6	1	4	6	5
Y115	4	1	2	4	2	3	1	6	6	6	2	7	2	1	6	5	6	6	4	3	2	1	3	5	4	4	1	4	5	6	2	3	2	5	4	3	2	3	5	5	7	4	2	1	1	6	1	3	5	5
Y116	4	1	2	4	3	3	1	6	6	6	3	7	3	1	5	5	6	6	4	2	2	1	3	4	3	4	2	4	5	6	2	4	2	5	4	3	1	3	5	5	7	2	1	1	1	6	2	4	5	6
Y117	4	6	5	4	2	5	5	2	1	3	3	5	3	2	4	7	1	3	3	6	3	5	1	2	3	6	6	5	2	6	1	4	5	1	4	6	1	1	6	4	4	2	4	7	2	1	2	6	3	5
Y118	4	6	5	4	1	5	5	2	2	3	3	5	3	1	4	6	2	4	3	6	2	5	2	3	3	6	6	4	1	6	1	4	5	2	4	7	1	3	6	3	5	1	4	7	1	2	2	6	1	5
Y119	4	6	5	4	2	5	5	3	2	1	3	5	3	2	4	6	2	3	3	6	1	5	1	3	3	6	6	5	2	5	1	5	4	1	4	7	1	2	6	4	4	2	4	7	2	1	3	6	1	5
Y120	3	6	5	4	1	5	5	2	3	1	1	5	1	2	4	7	2	4	4	6	3	5	1	3	3	6	6	4	1	6	2	5	5	2	3	6	2	3	6	4	4	1	4	7	1	2	2	6	3	5
Y121	4	6	4	5	2	5	5	2	1	2	1	5	3	2	4	7	1	4	3	6	3	4	2	3	3	6	6	5	2	6	1	4	5	1	4	6	2	3	6	3	4	2	4	7	1	3	1	6	1	5
Y122	3	6	5	4	2	5	6	2	1	3	1	5	2	1	4	7	2	3	4	6	3	5	1	1	4	6	6	5	2	5	2	5	4	1	3	6	2	3	6	4	4	1	3	7	3	2	2	6	1	5
Y123	3	6	4	5	1	5	5	3	2	1	2	5	2	1	4	6	1	4	3	6	1	4	3	3	4	6	6	4	1	6	2	5	5	2	3	7	2	3	6	4	4	3	4	7	2	2	1	6	1	5
Y124	3	6	5	5	1	5	5	2	1	3	2	5	1	2	4	6	1	3	4	6	3	5	2	1	4	6	6	4	1	6	1	4	4	3	3	7	3	3	6	3	5	2	4	7	2	1	2	6	2	5
Y125	3	6	4	5	1	5	5	2	1	2	3	5	2	1	4	6	2	3	3	6	3	4	2	3	4	6	6	4	1	6	1	5	5	1	3	7	1	3	6	4	4	1	4	7	2	2	3	6	2	5
Y126	4	6	5	5	2	5	5	3	1	2	2	5	3	1	4	7	1	4	3	6	3	5	2	3	3	6	6	4	2	6	1	4	5	1	4	6	2	2	6	4	4	1	3	7	3	1	2	6	1	5
Y127	4	6	4	5	1	5	5	3	2	3	2	5	3	2	4	7	2	4	3	6	3	4	2	2	3	6	6	5	1	6	1	5	5	1	4	6	2	3	6	3	4	2	4	7	1	1	1	6	1	5
Y128	3	6	5	4	2	5	5	3	2	3	2	5	2	1	4	6	2	3	3	6	1	5	3	3	4	6	6	4	2	6	1	5	5	1	3	7	1	1	6	4	4	1	4	7	1	2	3	6	2	5
Y129	3	6	4	4	2	5	5	3	1	2	1	5	2	1	4	7	1	3	3	6	3	4	1	3	4	6	6	5	2	6	2	4	5	2	3	6	2	3	6	4	5	1	4	7	1	2	3	6	1	5
Y130	3	6	5	4	1	5	5	2	3	1	2	5	3	2	4	7	1	3	4	6	2	5	1	3	4	6	6	4	1	6	1	5	5	2	3	6	2	3	6	4	4	2	4	7	1	2	1	6	3	5
Y131	3	6	4	5	1	5	5	3	2	1	3	5	2	2	4	7	1	3	3	6	3	4	1	3	4	6	6	4	1	5	1	5	5	2	3	6	2	3	6	4	4	2	4	7	2	2	1	6	1	5
Y132	4	6	5	4	2	5	5	3	1	2	2	5	3	1	3	7	2	4	3	6	1	5	1	3	4	6	6	5	2	6	1	5	4	2	4	6	1	3	6	3	4	2	4	7	1	3	1	6	2	5
Y133	3	6	5	4	2	5	5	4	2	2	3	5	3	2	4	6	1	4	3	6	1	5	1	3	3	6	6	4	2	6	2	5	5	2	3	7	1	3	6	4	4	1	4	7	1	1	2	6	1	5
Y134	4	6	5	4	2	5	5	3	1	3	2	5	1	2	4	7	2	3	3	6	3	5	1	3	4	6	6	4	2	6	1	5	5	2	4	6	1	3	6	3	4	1	4	7	2	1	2	6	1	5
Y135	4	6	4	3	1	5	5	3	1	3	2	6	2	1	5	6	1	4	2	6	3	4	1	2	3	6	6	5	1	5	1	5	4	2	4	7	1	3	6	4	5	2	4	7	2	3	2	6	3	5
Y136	4	6	5	5	2	5	5	2	3	2	3	5	1	1	4	6	2	4	3	6	3	5	1	1	4	6	6	4	2	6	1	5	4	3	4	7	2	1	6	3	4	3	3	7	1	2	1	6	2	5
Y137	4	6	5	4	1	5	5	3	1	3	3	5	1	1	4	6	2	3	3	6	2	5	1	2	4	6	6	4	1	6	1	4	5	2	4	7	2	3	6	3	5	2	4	7	3	2	2	6	1	5
Y138	3	6	5	4	2	5	5	3	1	3	2	5	3	1	4	6	1	4	3	6	3	5	2	1	4	6	6	4	2	6	2	5	5	1	3	7	2	1	6	4	4	1	4	7	2	1	2	6	3	5
Y139	4	6	5	4	1	5	5	3	1	3	2	5	3	2	4	6	1	3	3	6	3	5	2	2	3	6	6	4	1	6	1	5	5	2	4	7	3	2	6	4	4	1	4	7	2	1	1	6	2	5
Y140	4	6	5	4	2	5	5	1	3	2	1	5	1	2	3	7	1	4	2	6	3	5	1	3	4	6	6	3	2	6	2	5	4	1	4	6	2	3	6	4	5	3	4	7	1	2	3	6	1	5
Y141	3	6	4	5	1	5	5	3	2	3	3	5	2	1	4	6	2	3	3	6	3	4	1	1	4	6	6	4	1	6	1	5	5	2	3	7	2	3	6	4	5	1	4	7	2	1	1	6	2	5
Y142	4	6	5	4	2	5	5	3	2	1	1	5	3	2	4	7	1	3	3	6	3	5	1	3	4	6	6	4	2	6	2	5	5	1	4	6	1	3	6	4	3	1	4	7	2	2	2	6	1	5
Y143	4	6	5	4	1	5	5	2	1	3	3	5	2	2	4	6	1	3	3	6	3	5	2	2	4	6	6	4	1	5	2	5	5	1	4	7	1	3	6	4	4	2	3	7	1	2	1	6	3	5
Y144	3	6	5	4	2	5	5	1	1	1	3	4	3	1	4	6	2	3	3	6	3	5	2	3	4	6	6	4	2	6	1	5	5	1	3	7	1	2	6	4	5	1	4	7	3	2	2	6	2	5
Y145	4	6	5	4	2	5	5	3	2	3	2	5	3	2	4	7	1	4	3	6	1	5	2	1	3	6	6	4	2	6	1	5	5	1	4	6	1	1	6	3	4	3	4	7	2	1	3	6	2	5
Y146	3	6	4	5	1	5	5	3	2	2	2	5	1	2	4	6	1	4	3	6	1	4	2	3	4	6	6	5	1	6	1	5	5	2	3	7	2	3	6	4	4	2	4	7	1	1	3	6	3	5
Y147	4	6	5	4	1	5	5	3	2	1	1	5	2	1	4	6	1	4	3	6	3	5	1	3	3	6	6	4	1	6	2	5	5	2	4	7	2	3	6	3	4	2	4	7	3	1	2	6	2	5
Y148	4	6	5	4	2	5	5	3	2	3	3	5	3	1	4	6	2	3	3	6	2	5	1	2	4	6	6	4	2	6	1	5	5	1	4	7	2	3	6	4	4	2	3	7	1	1	1	6	1	5
Y149	3	6	5	5	2	5	4	3	2	1	2	5	3	1	4	6	1	4	3	6	1	5	1	1	3	6	6	4	2	6	1	5	5	2	3	7	1	3	6	4	4	2	4	7	3	2	2	6	3	5
Y150	3	6	5	5	2	5	5	3	1	3	3	5	2	1	4	7	2	4	3	6	1	5	1	3	3	6	6	4	2	6	2	4	5	2	3	6	1	2	6	4	4	1	4	7	2	2	1	6	1	5
Y151	3	6	4	4	2	5	5	3	1	3	3	5	3	2	4	7	1	4	3	6	1	4	1	2	4	6	6	5	2	6	1	5	5	1	3	6	2	3	6	4	4	2	4	7	1	1	2	6	2	5
Y152	3	6	5	5	1	5	5	3	1	2	2	5	3	2	4	6	2	4	3	6	3	5	1	1	4	6	6	4	1	6	2	5	4	2	3	7	2	1	6	4	4	1	4	7	2	3	3	6	1	5
Y153	3	6	5	4	2	5	5	3	2	2	3	5	3	1	4	6	1	2	4	6	3	5	2	3	4	6	6	4	2	5	1	5	5	1	3	7	1	2	6	4	4	1	4	7	1	2	3	6	1	5
Y154	4	6	5	4	1	5	5	3	2	3	2	5	3	1	4	6	2	4	3	6	3	5	1	3	3	6	6	3	1	6	2	5	5	2	4	6	2	2	6	4	4	1	4	7	1	1	2	6	1	5
Y155	3	6	4	4	2	5	5	1	2	2	2	5	3	1	4	6	1	4	4	6	3	4	2	3	3	6	6	5	2	6	1	5	5	1	3	7	2	3	6	5	4	1	4	7	1	3	2	6	1	5
Y156	3	3	1	4	1	6	6	1	7	1	3	6	2	2	6	5	2	5	6	2	4	2	3	1	2	6	5	5	3	3	4	1	5	4	2	4	5	3	5	1	4	4	6	3	3	6	6	2	5	1
Y157	2	2	1	3	1	5	6	2	7	2	2	6	3	4	5	5	1	4	6	1	5	1	3	3	2	6	5	5	3	4	3	1	5	4	3	4	5	4	5	2	4	3	6	2	3	6	6	1	6	1
Y158	2	2	1	5	1	6	6	1	7	1	1	6	3	3	6	5	2	5	6	3	4	2	2	1	3	6	4	5	3	4	3	4	5	4	2	4	4	3	5	1	3	5	6	2	4	6	6	2	5	1
Y159	2	2	1	4	1	5	6	2	7	1	3	6	2	5	5	5	2	4	6	1	4	1	3	1	1	6	5	5	4	4	3	2	5	3	2	4	5	3	5	1	4	4	6	2	3	6	6	2	6	1
Y160	3	3	2	5	2	5	6	1	7	1	3	6	2	3	5	5	1	3	6	2	4	1	1	1	1	6	4	6	4	4	3	2	5	4	2	4	4	3	5	1	4	5	6	3	5	6	6	2	6	2
Y161	2	2	1	5	1	5	6	3	7	1	3	6	3	4	5	5	2	4	6	2	4	2	2	1	1	6	4	6	3	4	3	3	5	3	1	4	5	3	5	2	4	5	6	2	4	6	6	1	6	1
Y162	3	3	2	5	2	5	6	3	7	2	3	6	1	4	5	5	2	4	6	1	3	1	2	1	2	6	4	6	1	4	3	3	5	4	2	3	4	1	5	1	4	5	6	3	5	6	6	1	6	2
Y163	3	3	1	5	1	5	6	2	7	1	1	6	2	3	5	5	2	4	6	2	4	1	2	3	1	6	4	5	3	4	4	3	5	4	1	4	5	4	5	2	2	5	6	3	3	6	6	1	6	1
Y164	3	3	1	5	1	6	6	2	7	2	3	6	2	3	6	5	1	4	6	2	4	1	3	2	1	6	4	5	3	4	3	2	5	4	2	4	5	4	5	1	2	5	6	3	4	6	6	1	5	1
Y165	1	1	2	5	2	5	6	2	7	1	3	6	3	2	5	5	1	5	6	1	4	3	3	1	2	6	4	5	3	3	4	3	5	4	1	4	4	3	5	2	4	5	6	1	4	6	6	1	6	2
Y166	2	2	1	5	1	5	6	2	7	2	2	6	3	4	5	5	2	4	6	1	4	1	1	2	1	6	5	6	4	3	4	3	5	3	2	3	4	4	5	2	4	5	6	2	3	6	6	1	6	1
Y167	2	2	2	4	2	6	6	1	7	2	3	6	3	3	6	5	2	5	6	1	3	2	3	1	1	6	4	5	3	4	4	1	5	4	1	4	5	4	5	1	3	4	6	2	4	5	6	1	6	2
Y168	3	3	1	3	1	5	6	1	7	2	2	6	3	3	5	5	2	5	6	1	4	2	2	1	2	6	4	5	3	4	4	1	5	3	2	4	5	4	5	1	4	3	6	3	5	6	6	2	6	1
Y169	1	1	1	5	1	6	6	2	7	2	1	6	3	4	6	5	1	4	6	3	4	2	3	2	2	6	4	5	3	4	4	1	5	3	2	3	5	3	5	3	4	5	6	1	4	6	6	1	5	1
Y170	2	2	1	5	1	5	6	3	7	3	1	6	1	4	5	5	2	4	6	1	4	2	3	2	1	6	4	5	3	3	3	3	5	4	2	4	5	4	5	1	3	5	6	2	4	6	6	2	6	1
Y171	3	3	1	5	1	6	6	1	7	2	2	6	3	4	6	5	1	4	6	1	4	2	3	1	2	6	4	5	2	3	3	2	5	4	2	3	5	4	5	2	4	5	6	3	4	6	6	1	5	1
Y172	3	3	2	4	2	6	6	3	7	1	3	6	3	2	6	5	2	5	6	1	4	1	2	1	1	6	5	5	3	4	2	1	5	3	2	3	5	4	5	1	4	4	6	3	4	6	6	1	5	2
Y173	3	3	1	5	1	5	6	2	7	1	2	6	3	3	5	5	1	4	6	2	4	2	3	2	2	6	4	6	2	4	3	1	5	4	2	4	5	3	5	1	4	5	6	3	4	6	6	1	6	1
Y174	2	2	1	4	1	6	6	2	7	2	3	6	2	3	6	5	1	5	6	1	3	1	1	2	1	6	5	5	3	4	2	4	5	4	3	4	4	3	5	2	4	4	6	2	5	5	7	2	6	1
Y175	2	2	1	4	1	6	6	3	7	3	1	6	3	4	6	5	1	5	6	2	4	2	2	3	2	6	3	5	1	4	4	3	5	5	1	3	5	2	5	1	4	4	6	2	4	5	6	1	6	1
Y176	3	3	2	5	2	5	6	1	7	1	1	6	1	4	5	5	1	4	6	2	4	1	3	3	2	6	4	6	2	4	3	2	5	4	1	3	5	3	5	2	4	5	6	3	4	6	6	1	6	2
Y177	3	3	1	4	1	5	6	2	7	2	1	6	3	2	5	5	1	4	6	1	3	2	2	2	1	6	4	5	3	4	4	1	5	4	2	4	5	3	5	3	4	4	6	3	5	6	7	2	6	1
Y178	3	3	2	5	2	5	6	1	7	1	1	6	2	4	5	5	1	4	6	3	4	1	3	1	2	6	4	5	2	4	3	2	5	4	1	4	5	3	5	2	3	5	6	3	4	6	6	1	6	2
Y179	3	3	1	5	1	5	6	2	7	1	1	6	2	4	5	5	1	4	6	1	4	3	1	2	2	6	5	5	3	4	2	2	5	4	1	3	4	4	5	1	3	5	6	3	4	6	6	3	6	1
Y180	1	1	2	4	2	5	6	1	7	2	1	6	2	3	5	5	2	5	6	1	4	1	3	3	1	6	4	5	3	4	4	3	5	3	1	5	5	2	5	3	4	4	6	1	4	6	6	3	6	2
Y181	3	3	1	4	1	6	6	2	7	1	2	6	2	3	6	5	3	5	6	2	4	2	1	1	1	6	4	5	1	4	3	3	5	4	2	4	5	3	5	2	4	4	6	3	4	5	7	2	6	1
Y182	3	3	1	5	1	6	6	2	7	1	2	6	2	4	6	5	2	5	6	3	4	1	1	1	2	6	4	5	3	3	3	2	5	3	2	4	4	4	5	1	4	5	6	3	4	5	6	2	6	1
Y183	3	3	1	5	1	5	6	1	7	2	3	6	2	3	5	5	2	4	6	2	3	1	2	2	1	6	4	5	1	4	3	3	5	4	1	4	5	4	5	1	4	5	6	3	4	6	6	2	6	1
Y184	3	3	1	5	1	6	6	1	7	2	2	6	3	3	6	5	2	3	6	1	4	1	1	2	1	6	4	5	2	4	4	3	5	5	2	4	4	3	5	2	4	5	6	3	4	5	6	2	6	1
Y185	2	2	1	5	1	5	6	3	7	1	2	6	3	4	5	5	1	5	6	1	4	2	3	1	2	6	3	5	3	4	4	2	5	3	2	4	4	3	5	2	4	5	6	2	4	6	6	1	6	1
Y186	3	3	2	5	2	6	6	2	7	1	1	6	1	3	6	5	2	4	6	3	5	1	1	2	1	6	3	5	3	4	3	2	5	4	1	4	4	4	5	1	3	5	6	3	4	6	6	2	5	2
Y187	2	2	1	4	1	5	6	1	7	3	2	6	3	3	5	5	1	3	6	3	3	2	1	1	2	6	4	5	3	4	4	3	5	5	1	4	5	4	5	2	4	4	6	2	5	6	6	2	6	1
Y188	2	2	2	5	2	5	6	2	7	2	1	6	2	3	5	5	1	4	6	1	5	3	1	2	1	6	3	6	3	4	4	4	5	4	1	3	4	4	5	1	3	5	6	2	4	6	6	1	6	2
Y189	3	3	1	5	1	6	6	2	7	1	1	6	1	4	6	5	2	4	6	1	4	1	3	2	2	6	4	5	2	4	4	3	5	3	2	4	5	3	5	2	4	5	6	3	3	6	6	2	5	1
Y190	2	2	1	4	1	5	6	1	7	1	3	6	3	3	5	5	2	4	6	2	4	2	3	2	2	6	5	6	3	4	4	3	5	4	1	5	5	3	5	1	4	4	6	2	3	6	6	1	6	1
Y191	2	2	1	4	1	6	6	1	7	3	2	6	2	4	6	5	2	4	6	3	4	1	1	1	2	6	4	5	3	5	4	3	5	4	2	3	5	3	5	1	5	4	6	2	3	6	6	2	5	1
Y192	3	3	1	5	1	5	6	2	7	1	3	6	3	3	5	5	2	4	6	2	4	2	3	2	1	6	4	5	2	4	4	1	5	4	2	4	5	3	5	1	2	5	6	3	4	6	6	1	6	1
Y193	3	3	1	5	1	5	6	2	7	1	2	6	3	4	5	5	2	4	6	2	4	1	3	2	1	6	4	5	3	4	2	1	5	4	2	3	5	3	5	1	4	5	6	3	4	6	6	2	6	1
Y194	2	2	1	4	1	5	6	2	7	2	3	6	3	4	5	5	1	4	6	3	3	1	2	2	2	6	5	5	3	5	4	3	5	4	1	4	5	3	5	1	4	4	6	2	3	6	6	1	6	1
Y195	6	3	3	2	5	5	2	4	3	5	1	6	2	4	2	2	6	4	4	4	1	2	2	3	5	4	2	3	1	3	7	6	5	3	6	1	6	6	6	4	5	6	5	4	1	1	1	3	5	1
Y196	6	2	2	3	5	5	3	3	2	4	1	6	3	4	1	2	6	4	4	3	2	1	1	2	5	5	4	4	2	4	7	5	5	3	5	2	6	6	7	6	6	6	4	3	1	1	2	1	5	1
Y197	6	2	2	3	5	5	3	4	2	5	2	6	1	4	1	1	6	4	4	4	1	2	1	2	5	4	2	3	3	3	7	5	5	2	6	1	6	6	6	4	6	5	5	4	2	3	3	1	6	1
Y198	6	3	2	3	5	6	3	3	2	5	1	6	2	3	1	1	6	4	4	4	2	1	1	3	5	5	2	4	1	4	7	5	6	1	5	2	6	6	7	4	6	5	5	4	1	2	2	3	4	3
Y199	7	2	1	3	4	5	3	4	1	5	2	6	1	4	1	3	6	3	4	4	2	1	2	2	4	5	1	4	3	3	6	6	5	3	5	2	7	6	6	5	6	5	5	4	1	1	2	3	6	2
Y200	6	2	2	4	4	5	4	3	2	5	1	6	1	4	3	1	6	3	4	2	2	1	1	2	4	5	2	4	1	3	7	6	5	3	6	3	6	6	6	5	6	5	5	3	1	2	3	4	5	1
Y201	6	1	2	3	4	5	3	4	2	5	1	6	2	4	1	1	6	4	5	4	1	1	3	1	4	5	1	3	3	3	7	5	5	2	6	2	6	6	6	5	6	5	4	4	2	2	3	3	5	2
Y202	6	2	1	3	4	5	3	4	1	5	1	6	2	4	2	3	6	4	4	4	1	2	3	2	4	5	3	3	2	3	7	6	5	3	5	1	6	6	6	6	6	5	5	4	2	1	1	2	5	1
Y203	6	3	1	3	5	6	3	4	1	5	2	6	1	4	2	2	6	4	4	4	2	1	2	3	5	4	3	4	1	3	7	6	6	2	5	1	6	6	7	5	5	5	4	3	2	1	3	2	5	1
Y204	6	2	3	2	5	5	2	4	3	4	1	6	1	4	2	3	7	3	4	3	1	1	1	2	5	5	2	4	2	3	7	5	5	3	6	1	6	6	6	5	5	5	4	4	1	1	3	4	6	2
Y205	6	2	1	3	4	5	3	3	1	5	1	6	2	4	2	2	6	4	4	4	1	1	2	2	4	5	3	2	3	4	7	6	5	1	6	1	6	6	6	5	6	5	5	4	2	1	3	3	5	2
Y206	6	3	2	3	4	5	3	4	2	4	1	6	1	3	2	1	6	4	5	1	2	1	2	3	4	5	4	3	2	3	7	6	5	2	6	2	6	6	6	5	5	5	5	4	1	1	4	3	5	1
Y207	6	3	1	4	5	4	4	4	1	5	1	6	1	4	1	1	6	3	4	3	2	2	2	3	5	5	2	3	2	3	7	6	4	2	5	1	6	6	6	6	6	5	4	4	2	2	3	3	5	1
Y208	6	1	2	3	5	5	3	3	2	5	2	6	2	4	1	1	6	4	4	3	1	1	1	1	5	4	3	4	2	4	7	6	5	2	5	2	6	6	6	5	5	6	4	4	3	1	3	3	6	2
Y209	7	3	1	3	5	5	3	4	1	4	1	6	2	4	2	2	6	2	4	2	2	2	3	3	5	5	3	4	1	3	6	6	5	2	5	1	7	6	6	5	6	4	5	4	1	1	3	3	5	1
Y210	6	2	2	3	4	5	3	3	2	5	2	6	2	4	2	1	6	4	4	4	3	1	1	2	4	5	3	3	1	4	7	6	5	1	6	2	6	6	6	5	5	6	5	4	1	1	3	3	5	1
Y211	6	2	2	3	4	5	3	4	2	5	2	6	1	4	1	2	6	4	4	3	1	2	3	2	4	4	3	4	1	3	7	6	5	3	5	2	6	6	6	5	6	6	5	4	1	1	1	3	5	1
Y212	7	3	1	3	4	5	3	4	1	4	1	6	2	4	1	1	6	4	4	3	1	3	2	3	4	5	2	3	2	4	6	6	5	2	5	2	7	6	6	5	6	6	5	4	1	1	2	3	5	2
Y213	6	3	2	1	5	4	1	4	2	5	1	6	1	4	1	3	6	4	4	4	2	2	2	3	5	5	3	2	3	3	7	6	4	2	5	1	6	6	6	6	5	6	5	4	1	2	3	1	5	3
Y214	6	1	1	3	5	5	3	4	1	4	2	6	2	4	2	3	6	4	4	3	1	2	2	1	5	5	2	3	3	4	7	5	5	3	6	1	6	6	6	5	6	6	4	4	2	1	2	1	5	3
Y215	6	3	2	3	5	4	3	4	2	4	1	6	2	4	2	2	6	4	5	3	1	1	1	3	5	5	4	3	1	3	7	6	4	2	6	2	6	6	6	5	6	5	5	4	2	1	1	3	5	1
Y216	6	3	3	4	4	5	4	3	3	5	1	6	1	3	1	1	6	4	5	3	1	1	1	3	4	5	2	4	2	2	7	6	5	2	5	2	6	6	6	5	6	6	4	4	1	2	2	2	5	3
Y217	7	3	3	1	5	6	1	4	3	4	1	6	1	4	1	1	6	4	4	4	1	3	2	3	5	5	2	4	3	3	6	5	6	1	5	2	7	6	6	5	6	5	5	3	2	2	2	2	4	2
Y218	6	3	1	3	4	5	3	4	1	5	1	6	2	4	1	2	6	3	4	4	1	1	2	3	4	5	3	2	3	4	7	5	5	2	5	1	6	6	6	6	6	5	5	4	1	2	3	2	6	1
Y219	6	3	2	3	5	5	3	4	2	5	1	6	2	4	2	2	7	3	4	4	1	1	1	3	5	5	3	2	3	4	7	5	5	1	6	1	6	6	6	4	6	5	4	4	1	2	3	1	5	2
Y220	6	3	1	4	5	6	4	3	1	4	2	6	1	4	2	2	6	4	4	2	2	2	1	3	5	5	3	3	1	3	7	5	6	1	6	1	6	6	6	5	5	5	4	4	2	1	3	3	5	2
Y221	6	3	2	1	5	5	1	4	2	4	3	6	2	3	2	1	6	4	4	4	2	1	1	3	5	4	3	4	3	3	7	5	5	1	6	1	6	6	7	5	5	6	5	4	1	2	1	3	6	2
Y222	7	3	2	2	5	5	2	4	2	5	1	6	1	4	2	3	6	4	4	4	2	1	1	3	5	4	2	3	2	3	6	6	5	1	6	1	7	6	6	5	6	5	4	4	1	1	3	3	5	2
Y223	7	3	1	4	5	5	4	4	1	5	2	6	1	4	2	2	6	3	4	1	2	1	1	3	5	4	3	3	2	3	6	6	5	2	6	1	7	6	6	5	6	5	5	4	2	2	3	3	4	1
Y224	6	1	2	3	4	5	3	4	2	4	1	6	3	4	2	2	6	3	4	4	1	2	1	1	4	5	3	3	2	4	7	6	5	3	5	2	6	6	6	5	6	5	5	4	1	1	2	3	6	1
Y225	6	2	1	3	5	5	3	4	1	4	1	6	1	3	2	2	7	4	4	4	2	1	2	2	5	5	3	3	3	4	7	6	5	2	5	2	6	6	6	6	5	5	4	4	1	1	3	3	5	1
Y226	6	2	2	3	5	5	3	4	2	5	1	6	1	4	3	1	6	4	4	4	2	2	2	2	5	4	3	3	1	3	7	6	5	3	6	1	6	6	6	5	5	5	4	4	1	1	2	3	5	1
Y227	6	3	1	3	4	5	3	4	1	5	1	6	2	4	3	1	6	4	4	3	1	2	2	3	4	5	3	2	1	2	7	5	5	1	6	1	6	6	6	5	6	5	5	4	2	2	3	3	6	2
Y228	6	3	1	3	4	5	3	4	1	5	1	6	1	4	2	2	6	4	4	3	2	1	2	3	4	5	4	3	3	2	7	6	5	2	5	1	6	6	6	5	5	6	5	3	2	1	4	1	6	2
Y229	6	3	1	3	5	5	3	4	1	5	2	6	2	4	3	1	6	4	4	3	1	1	2	3	5	4	3	3	2	2	7	5	5	1	6	1	6	6	6	6	5	5	4	4	2	2	3	2	5	1
Y230	6	2	2	3	5	5	3	4	2	4	1	6	1	4	3	2	6	4	4	3	2	1	1	2	5	5	2	3	2	1	7	6	5	3	5	3	6	6	6	5	6	5	4	4	1	1	3	3	5	1
Y231	7	1	2	3	5	5	3	4	2	5	3	6	3	4	2	1	6	4	4	3	3	2	2	1	5	4	2	1	1	2	6	6	5	2	5	1	7	6	6	5	6	5	4	4	3	1	4	3	6	1
Y232	7	2	1	3	4	5	3	4	1	5	1	6	1	4	2	3	6	4	4	4	2	2	1	2	4	4	3	4	3	3	6	5	5	3	5	2	7	6	6	6	6	6	5	3	2	1	1	1	5	2
Y233	6	1	2	4	5	5	4	4	2	4	1	6	2	4	1	1	6	3	4	3	1	3	1	1	5	4	3	2	1	3	7	5	5	2	6	2	6	6	6	5	6	5	5	4	2	3	3	3	5	2
Y234	6	6	1	3	3	2	6	6	1	6	3	3	4	5	4	2	7	3	6	2	5	6	4	3	4	7	2	3	1	2	1	2	2	4	1	1	5	5	2	3	4	6	5	4	1	5	1	5	5	4
Y235	6	6	1	2	2	3	6	6	2	6	4	3	3	5	2	1	7	4	6	3	5	6	1	2	5	7	2	3	3	4	1	2	1	4	3	1	5	5	2	1	4	6	5	1	4	5	3	5	4	4
Y236	6	6	3	2	2	4	6	6	2	6	3	4	2	5	2	2	7	4	6	4	5	6	2	3	5	6	2	1	4	3	3	1	1	4	1	1	5	5	1	1	3	6	5	2	3	5	1	5	4	4
Y237	6	6	1	1	1	3	6	6	2	5	4	4	5	5	1	2	7	3	6	3	6	6	4	3	5	7	2	3	4	1	1	3	2	4	2	2	5	5	1	2	2	6	5	1	3	5	3	4	4	4
Y238	6	6	2	1	1	3	6	6	1	6	4	3	4	5	2	3	7	4	6	3	5	6	2	3	5	7	1	2	4	4	2	1	2	3	2	1	5	5	1	2	2	6	5	1	4	5	3	5	4	4
Y239	6	6	1	2	2	4	6	6	1	5	2	4	5	5	1	1	7	2	6	4	5	6	3	2	5	7	1	1	3	3	1	2	1	4	2	2	5	4	3	3	3	6	5	3	4	6	4	4	5	3
Y240	6	6	2	2	2	4	6	6	3	5	3	2	4	4	1	1	7	4	6	4	6	6	1	3	5	7	2	3	4	3	2	1	1	2	2	3	5	5	1	1	4	6	5	2	1	5	3	5	5	4
Y241	6	6	2	2	2	4	6	6	3	6	4	4	4	5	1	1	7	3	6	4	5	6	3	1	5	7	1	1	4	2	2	2	2	3	1	3	5	5	1	1	4	6	5	3	2	5	2	5	4	3
Y242	6	6	2	1	1	4	6	6	3	5	4	3	4	5	2	2	7	4	6	4	6	6	1	3	5	7	1	2	3	2	2	2	1	4	3	3	5	5	1	1	2	6	5	4	3	5	3	4	5	1
Y243	6	6	3	2	2	3	6	6	1	6	4	3	3	4	2	2	7	4	6	3	5	6	2	4	5	6	1	1	1	1	3	1	2	4	3	2	5	5	3	2	1	6	5	4	4	5	1	5	5	4
Y244	6	6	1	1	1	4	6	6	1	6	4	3	4	5	2	2	7	3	6	4	5	6	3	3	5	6	1	2	3	2	1	3	2	4	3	3	5	5	2	1	2	6	5	2	4	5	1	5	4	4
Y245	6	6	1	1	1	3	6	6	2	6	4	4	3	4	2	2	7	4	6	3	5	6	1	4	5	7	1	1	3	4	1	2	2	4	1	3	5	5	2	3	1	6	5	3	2	5	3	5	5	4
Y246	6	6	1	1	1	4	6	6	2	5	4	4	4	5	2	1	7	3	6	4	6	6	2	3	5	6	2	1	3	3	1	2	2	4	3	2	5	4	1	1	3	6	5	3	3	5	2	5	5	4
Y247	6	6	2	1	1	4	6	6	2	5	3	4	3	5	2	2	7	3	6	4	6	6	4	3	5	7	2	1	4	3	2	3	1	4	1	2	5	5	1	1	1	6	5	2	4	5	3	5	3	4
Y248	6	6	2	1	1	4	6	6	2	6	5	3	4	5	2	1	7	4	6	4	5	6	3	1	5	7	1	2	4	3	2	1	1	4	3	3	5	3	2	3	2	6	5	1	2	5	4	5	4	3
Y249	6	6	1	3	3	4	6	6	2	5	4	4	4	4	1	1	7	2	6	4	6	6	1	2	5	7	2	2	2	3	1	3	3	3	2	3	5	5	4	1	1	6	5	1	2	5	3	5	5	4
Y250	6	6	2	1	1	4	6	6	1	6	5	4	4	5	2	1	7	4	6	4	5	6	3	3	5	7	1	3	3	4	2	1	1	2	2	1	5	4	2	3	3	6	5	2	2	5	3	5	4	3
Y251	6	6	1	2	2	4	6	6	1	5	4	2	4	4	2	3	7	2	6	4	6	6	2	1	5	7	1	3	4	4	1	3	2	3	2	3	5	5	1	1	3	6	5	1	3	5	4	5	5	3
Y252	6	6	2	1	1	4	6	6	1	6	5	4	4	4	1	3	7	4	6	4	5	6	3	3	5	7	3	3	4	1	2	1	2	2	3	1	5	5	3	2	2	6	5	1	3	5	2	5	4	2
Y253	6	6	1	1	1	4	6	6	1	6	4	4	2	4	3	1	7	3	6	4	5	6	2	2	5	6	1	2	2	3	1	2	1	5	3	3	5	4	3	2	3	6	5	4	4	5	1	5	5	3
Y254	6	6	2	2	2	4	6	6	1	6	5	4	4	4	2	2	7	4	6	4	5	6	1	3	5	6	1	2	3	1	2	1	2	4	1	1	5	5	3	3	3	6	5	3	1	5	3	5	3	4
Y255	6	6	2	1	1	4	6	6	1	5	5	4	3	4	2	3	7	4	6	4	5	6	3	3	5	6	2	3	2	4	2	1	1	4	3	2	5	4	1	2	2	6	5	3	1	6	1	5	5	3
Y256	6	6	3	1	1	4	6	6	2	6	4	5	5	4	1	1	7	3	6	4	5	6	3	2	5	6	1	2	4	2	3	2	1	4	3	2	5	5	1	3	2	6	5	1	2	5	3	4	4	3
Y257	6	6	2	2	2	4	6	6	1	5	3	3	4	4	3	1	7	4	6	4	6	6	2	3	5	6	1	1	2	4	2	1	2	3	1	1	5	5	1	2	4	6	5	3	3	5	3	5	5	4
Y258	6	6	2	2	2	4	6	6	1	6	4	4	5	4	1	1	7	4	6	4	5	6	3	1	5	7	3	1	3	2	2	1	2	4	2	1	5	5	1	3	3	6	5	3	3	5	2	5	3	4
Y259	6	6	1	1	1	2	6	6	1	6	4	4	4	5	3	3	7	3	6	2	5	6	3	3	5	7	2	2	1	1	1	1	3	4	3	1	5	5	2	2	4	6	5	4	2	5	3	4	5	4
Y260	6	6	2	1	1	2	6	6	1	6	3	4	4	4	1	3	7	4	6	2	5	6	4	3	5	7	1	2	4	1	2	3	3	4	2	2	5	5	3	3	4	6	5	3	2	5	1	5	5	1
Y261	6	6	1	1	1	3	6	6	1	6	4	2	4	5	2	2	7	4	6	3	5	6	4	2	5	7	2	1	2	4	1	2	2	4	3	3	5	5	3	1	3	6	5	3	4	5	1	5	4	3
Y262	6	6	1	1	1	4	6	6	2	6	4	4	5	5	1	2	7	4	6	4	5	6	2	3	5	7	2	3	3	3	1	3	2	3	2	2	5	5	1	1	2	6	5	4	3	5	1	4	4	3
Y263	6	6	1	3	3	4	6	6	2	6	4	3	3	5	3	1	7	4	6	4	5	6	3	4	5	7	2	1	2	2	1	1	1	2	2	1	5	5	2	3	3	6	5	1	2	5	4	4	4	4
Y264	6	6	1	2	2	4	6	6	1	6	4	4	3	4	2	1	7	3	6	4	5	6	2	2	5	7	2	3	3	4	1	1	2	4	3	3	5	5	3	1	1	6	5	1	3	5	4	5	5	2
Y265	6	6	1	3	3	4	6	6	3	5	3	2	4	4	2	4	7	4	6	4	6	6	4	1	5	7	1	2	3	3	1	2	1	2	2	1	5	5	3	2	2	6	5	1	3	5	4	5	5	1
Y266	6	6	3	1	1	4	6	6	1	6	2	4	5	4	2	1	7	2	6	4	5	6	3	1	5	7	3	3	2	3	3	1	1	4	2	2	5	4	2	1	3	6	5	2	3	5	4	5	5	4
Y267	6	6	1	2	2	4	6	6	1	5	2	2	4	5	1	3	7	4	6	4	6	6	3	2	5	6	1	3	4	3	1	2	1	4	3	1	5	5	1	2	3	6	5	3	3	5	2	4	5	4
Y268	6	6	2	2	2	4	6	6	2	5	3	4	5	4	1	1	7	4	6	4	6	6	1	3	5	7	1	3	1	3	2	2	2	4	3	3	5	5	2	1	1	6	5	1	4	5	2	5	4	3
Y269	6	6	2	3	3	3	6	6	1	6	5	2	5	4	1	1	7	4	6	3	5	6	4	4	5	7	3	2	4	2	2	2	3	1	2	3	5	4	1	1	1	6	5	4	1	5	3	4	5	2
Y270	6	6	1	1	1	3	6	6	3	6	4	4	5	4	2	1	7	2	6	3	5	6	3	2	5	6	1	2	4	2	1	2	1	4	2	2	5	4	3	3	3	6	5	1	4	5	3	5	5	4
Y271	6	6	1	2	2	2	6	6	1	5	4	3	4	5	1	3	7	4	6	2	6	6	1	3	5	7	1	2	4	2	1	1	2	3	3	3	5	5	1	2	4	6	5	3	3	5	4	5	4	4
Y272	6	6	1	2	2	4	6	6	1	5	4	4	3	5	2	1	7	4	6	4	6	6	3	4	5	7	2	3	2	1	1	3	1	4	1	1	5	3	2	2	3	6	5	2	4	5	3	5	5	3
Y273	4	4	5	7	6	5	4	7	2	4	6	6	3	1	5	5	6	4	5	1	2	5	2	3	4	3	4	6	2	6	1	3	2	1	3	6	1	3	1	2	3	2	3	6	4	1	2	5	1	5
Y274	4	4	5	6	6	5	4	6	2	4	7	6	1	3	5	4	6	3	5	1	1	5	3	3	4	1	4	6	2	6	3	1	3	2	3	6	2	2	2	2	5	2	1	6	4	3	1	5	1	5
Y275	2	3	5	7	6	6	4	7	1	3	6	6	1	1	5	4	6	3	6	1	3	5	5	2	4	4	3	5	2	6	1	4	2	3	2	5	2	1	1	3	4	4	3	6	2	4	2	5	1	5
Y276	3	4	5	6	6	5	4	6	3	4	7	6	1	1	5	4	6	4	5	1	3	6	5	1	4	2	3	6	1	5	1	1	2	2	2	6	2	3	2	2	4	4	3	6	3	2	1	5	3	5
Y277	3	1	4	6	6	5	5	6	4	1	7	6	2	3	5	4	6	2	5	1	1	5	5	4	5	1	2	6	1	6	1	3	4	2	2	6	3	1	3	2	4	2	3	6	3	2	3	4	4	4
Y278	3	2	4	7	6	5	2	7	4	2	6	6	1	4	5	5	6	2	5	1	1	6	4	3	2	4	5	6	1	5	2	4	4	3	4	6	2	3	3	1	3	1	1	6	3	2	2	4	1	5
Y279	4	2	5	7	6	5	4	7	4	2	6	6	3	1	5	3	6	2	5	2	2	6	5	4	4	1	2	6	1	6	1	3	4	3	2	5	1	3	1	2	3	1	3	6	4	3	1	5	4	5
Y280	3	2	5	7	6	5	4	7	1	2	6	6	1	3	5	4	6	3	5	3	2	5	5	4	4	3	2	6	1	6	1	4	3	1	1	6	1	2	2	2	4	4	4	6	3	1	2	5	3	5
Y281	2	3	5	7	6	5	4	7	4	3	6	6	3	2	5	2	6	1	5	2	1	6	4	3	4	2	4	6	1	5	1	1	3	2	1	6	3	4	2	1	4	4	3	6	2	4	1	5	2	5
Y282	3	1	5	7	6	5	4	7	4	1	6	6	3	2	5	2	6	4	5	3	2	5	5	4	4	2	3	5	1	6	1	4	3	2	2	6	3	3	1	1	2	4	2	6	3	1	1	5	4	5
Y283	1	1	5	7	6	5	4	7	1	1	6	6	3	2	5	4	6	1	5	3	3	6	5	4	4	4	4	6	3	5	2	3	3	2	4	6	2	2	1	3	3	1	2	6	1	4	2	5	2	5
Y284	4	1	5	6	6	5	5	6	1	1	7	6	2	3	5	4	6	1	5	2	3	6	3	4	5	4	4	5	1	6	2	3	1	2	1	6	3	1	2	3	4	3	4	6	4	2	2	5	2	3
Y285	4	2	5	6	6	5	5	6	4	2	7	6	2	1	4	4	6	4	5	1	3	6	4	3	5	2	3	6	1	5	2	3	3	3	1	6	2	3	1	1	3	1	4	6	4	1	2	5	2	5
Y286	4	1	5	7	6	5	3	7	3	1	6	6	1	2	5	4	6	2	5	1	3	5	4	3	3	2	4	6	2	6	2	4	3	1	3	6	2	1	1	3	5	4	3	6	4	1	2	5	1	5
Y287	4	4	5	6	6	6	4	6	1	4	7	6	3	2	5	4	6	4	6	2	3	5	3	3	4	2	4	6	1	5	3	2	1	1	2	5	2	3	1	1	3	1	2	6	4	1	3	5	2	5
Y288	4	1	5	7	6	5	4	7	3	1	6	6	1	2	5	4	6	3	5	1	2	5	4	1	4	3	4	6	3	6	1	2	3	2	2	6	2	1	4	2	4	3	3	6	4	3	1	5	1	5
Y289	2	4	5	7	6	6	4	7	4	4	6	6	3	3	5	5	6	3	6	1	2	5	4	1	4	3	4	5	1	5	2	4	1	3	1	6	2	2	1	3	1	3	3	6	2	1	2	5	2	5
Y290	2	4	5	7	6	5	4	7	1	4	6	6	3	2	5	4	6	1	5	2	2	5	4	3	4	3	4	6	3	6	3	4	3	1	2	6	1	2	1	2	5	1	1	6	2	3	1	5	3	5
Y291	3	3	5	7	6	5	4	7	1	3	6	6	3	2	5	4	6	4	5	3	1	5	2	4	4	4	3	6	1	6	2	1	2	1	1	6	1	3	1	3	5	2	2	6	3	4	2	5	2	5
Y292	1	3	5	7	6	5	4	7	4	3	6	6	2	3	5	4	6	4	5	2	3	5	5	2	4	2	3	6	3	6	2	4	1	2	1	6	1	2	1	1	4	2	4	6	1	3	1	5	3	5
Y293	2	4	5	7	6	5	4	7	3	4	6	6	1	3	5	4	6	4	5	1	3	6	3	1	4	4	5	6	1	5	1	3	3	2	3	6	1	2	2	1	4	2	1	6	2	2	2	5	3	5
Y294	4	4	5	6	6	5	3	6	2	4	7	6	2	1	5	3	6	2	5	1	4	5	4	3	3	3	5	6	1	6	1	4	1	3	3	6	1	2	1	1	2	2	2	6	4	4	3	5	2	5
Y295	4	3	5	7	6	5	4	7	3	3	6	6	2	1	5	4	6	2	5	3	1	5	4	4	4	1	4	6	3	6	2	1	1	2	2	6	1	3	1	1	5	2	2	6	4	3	3	5	2	5
Y296	4	1	5	6	6	5	4	6	2	1	7	6	2	3	5	3	6	2	5	1	2	5	4	1	4	3	4	6	2	6	2	4	1	1	3	6	1	3	3	3	5	4	3	6	4	1	2	5	2	5
Y297	4	1	5	7	6	5	4	7	4	1	6	6	2	1	5	4	6	1	5	3	2	6	5	3	4	3	4	6	2	5	2	3	3	1	2	6	2	1	2	2	4	3	1	6	4	3	3	5	1	4
Y298	3	2	5	7	6	5	5	7	1	2	6	6	4	1	5	4	6	1	5	1	4	5	4	3	5	2	3	6	1	6	2	4	2	1	3	6	3	3	2	1	4	4	1	6	3	2	3	5	2	4
Y299	3	1	5	6	6	5	4	6	1	1	7	6	2	4	5	5	6	4	5	1	2	5	5	3	4	2	4	6	1	6	2	3	1	2	1	6	3	2	1	2	4	1	3	6	3	3	3	5	3	4
Y300	4	3	5	7	6	5	4	7	1	3	6	6	3	3	5	3	6	1	5	2	1	5	5	3	4	2	4	6	1	6	1	4	2	3	2	6	1	3	1	2	5	3	2	6	4	2	2	5	1	4
Y301	3	2	5	7	6	5	4	7	4	2	6	6	3	2	5	4	6	2	5	1	2	5	5	4	4	1	3	6	1	6	1	4	3	1	2	6	1	2	1	3	4	2	4	6	3	3	3	5	1	5
Y302	3	2	4	7	6	5	5	7	1	2	6	6	1	1	5	5	6	3	5	3	2	5	5	2	5	4	4	6	2	6	1	4	1	1	2	6	2	3	2	1	3	4	4	6	3	3	1	4	3	4
Y303	2	1	5	7	6	5	4	7	3	1	6	6	2	3	5	5	6	1	5	3	2	5	5	3	4	1	3	6	3	6	1	4	2	1	2	6	1	4	2	1	4	4	4	6	2	3	1	5	2	4
Y304	2	4	4	7	6	6	3	7	2	4	6	6	1	2	5	5	6	4	6	3	3	5	5	1	3	1	5	6	1	5	2	4	2	3	2	5	3	1	3	3	2	1	1	6	2	4	3	4	1	5
Y305	3	2	5	7	6	5	4	7	2	2	6	6	1	1	5	4	6	4	5	3	3	5	5	4	4	4	1	6	1	5	2	3	3	3	3	6	1	2	1	2	4	3	1	6	3	1	2	5	2	5
Y306	4	2	5	7	6	5	4	7	3	2	6	6	1	3	5	5	6	1	5	2	3	6	3	4	4	4	3	6	1	5	2	2	1	2	1	6	2	4	1	1	5	2	4	6	4	2	1	5	3	3
Y307	4	1	5	7	6	5	4	7	4	1	6	6	2	2	5	4	6	1	5	2	3	5	5	3	4	1	3	6	2	6	1	4	1	3	3	6	3	2	1	3	3	2	4	6	4	2	1	5	2	4
Y308	1	3	5	6	6	5	5	6	2	3	7	6	3	4	5	4	6	3	5	1	1	5	2	4	5	3	4	6	1	6	2	4	4	1	3	6	1	1	2	2	4	3	3	6	1	2	2	5	2	4
Y309	4	3	4	6	6	5	4	6	1	3	7	6	3	3	5	2	6	1	5	1	1	5	5	2	4	3	5	6	1	6	1	4	3	2	2	6	1	2	1	2	5	3	2	6	4	2	3	4	3	5
Y310	4	3	4	7	6	6	4	7	1	3	6	6	2	2	5	5	6	1	6	3	1	5	5	2	4	3	4	6	2	5	2	2	3	1	1	5	2	4	1	2	5	3	1	6	4	1	3	4	3	5
Y311	4	1	5	7	6	5	4	7	3	1	6	6	3	1	5	4	6	3	5	1	1	5	3	3	4	4	3	6	2	6	2	4	2	2	2	6	1	3	1	1	5	4	3	6	4	1	2	5	2	5
Y312	2	2	4	6	6	3	1	3	6	5	3	3	2	6	5	6	1	1	4	7	1	1	3	5	6	4	5	6	5	4	5	4	3	5	2	1	3	2	6	1	2	4	2	4	2	5	4	1	7	1
Y313	4	4	5	6	6	3	1	2	6	5	3	4	1	6	5	6	1	2	1	7	1	2	3	4	6	4	5	6	5	3	5	2	1	5	2	1	2	4	6	3	2	3	4	5	3	3	4	2	7	1
Y314	1	4	4	5	5	2	1	1	5	5	1	1	2	6	5	6	2	3	2	7	2	2	2	3	6	4	6	6	5	4	5	1	3	5	4	3	3	4	6	3	2	3	1	4	3	5	5	4	7	1
Y315	1	3	4	6	6	2	1	2	6	4	3	4	1	6	6	6	2	1	3	7	2	2	2	5	5	4	5	6	5	4	5	3	1	5	4	1	4	3	6	1	3	3	1	4	3	5	5	2	7	1
Y316	4	3	5	6	6	2	1	2	6	5	1	4	1	6	5	6	1	2	1	7	3	1	2	4	5	6	3	7	5	4	5	2	3	4	2	3	2	3	6	3	1	2	4	5	3	5	4	3	6	1
Y317	4	3	5	6	6	2	2	1	6	5	1	4	1	6	5	6	2	1	2	7	2	1	2	3	6	5	5	6	5	4	5	2	3	4	3	1	3	3	6	3	2	4	4	5	1	4	4	1	7	2
Y318	4	3	4	6	6	2	1	1	6	5	1	3	2	6	4	6	1	2	2	7	1	1	2	2	5	5	6	6	4	5	5	1	3	5	4	3	3	3	6	2	3	4	4	4	3	5	5	2	7	1
Y319	2	4	4	6	6	1	1	2	6	5	2	1	3	6	5	6	1	2	3	7	1	3	1	4	5	5	5	6	6	4	4	2	3	5	4	3	1	4	6	2	3	3	2	4	3	4	5	2	7	1
Y320	4	1	4	6	6	2	1	1	6	5	1	2	2	6	5	6	3	1	1	7	2	2	2	3	6	5	5	6	5	4	5	3	2	5	2	3	3	1	6	3	3	5	4	4	4	4	4	3	7	1
Y321	4	1	4	6	6	2	2	2	6	5	1	4	1	6	5	6	2	3	3	7	1	1	2	5	6	4	5	6	5	4	4	2	3	5	2	3	3	1	6	2	3	3	4	4	1	5	5	1	7	2
Y322	4	3	4	6	6	3	1	1	6	5	1	3	2	6	4	6	2	2	2	7	1	3	3	2	5	5	6	6	5	4	5	3	3	5	2	3	1	3	6	2	2	4	4	4	1	5	5	1	7	1
Y323	2	4	3	6	6	1	1	3	6	5	1	2	2	6	6	6	3	2	2	7	3	1	1	2	5	5	5	6	5	4	4	3	1	5	4	3	1	4	6	3	2	4	2	3	4	5	5	4	7	1
Y324	3	1	4	6	6	3	3	1	6	5	4	1	1	6	5	6	2	1	2	7	3	2	3	3	6	5	5	6	5	4	5	2	2	5	2	1	3	1	6	2	2	4	3	4	4	4	5	1	7	3
Y325	2	3	4	6	6	3	1	1	6	5	4	4	1	6	5	6	3	3	1	7	3	2	3	3	5	6	5	6	5	2	5	2	2	4	4	1	1	3	6	1	2	4	2	4	2	5	5	4	7	1
Y326	2	3	5	6	6	3	2	2	6	5	3	2	2	6	4	6	1	1	1	7	3	1	3	4	6	5	5	6	4	4	5	1	3	5	4	1	3	3	6	1	2	4	2	5	1	5	4	3	7	2
Y327	1	4	5	6	6	2	2	1	6	4	3	1	1	6	6	6	4	1	3	7	3	1	2	3	5	4	5	6	5	2	4	2	3	5	4	1	3	4	6	2	2	4	1	5	3	5	5	3	7	2
Y328	4	3	5	6	6	2	3	2	6	5	1	3	2	6	5	6	1	1	1	7	4	2	2	3	6	5	5	6	5	4	4	1	2	5	4	1	2	3	6	1	3	3	4	5	2	4	4	1	7	3
Y329	3	4	4	6	6	4	3	2	6	5	1	1	1	6	5	6	2	1	3	7	1	2	4	4	6	5	5	6	5	4	5	1	3	4	2	2	1	4	6	1	2	2	3	4	3	5	2	3	7	3
Y330	1	4	3	6	6	2	1	2	6	5	1	2	2	6	4	6	2	3	3	7	3	1	2	3	6	5	5	6	5	5	4	1	3	5	4	3	2	4	6	1	2	4	1	3	4	5	5	3	7	1
Y331	4	1	5	6	6	3	1	2	6	5	2	4	2	6	5	6	1	1	3	7	2	3	3	2	5	4	6	6	5	1	5	3	4	5	3	2	3	1	6	1	2	4	4	5	3	4	4	2	7	1
Y332	3	3	4	6	6	1	3	2	6	4	2	2	2	6	5	6	1	1	1	7	1	2	1	5	6	5	5	6	5	4	4	2	2	5	4	3	2	3	6	1	1	4	3	4	3	5	5	4	7	3
Y333	3	1	4	6	6	2	2	2	6	6	2	3	3	6	5	6	1	1	4	7	1	1	2	2	5	5	5	6	4	4	5	1	3	5	4	3	3	1	6	1	1	4	3	4	3	5	5	4	7	2
Y334	2	1	5	6	6	1	1	3	6	5	2	2	3	6	5	6	3	1	1	7	3	2	1	4	6	4	5	6	5	4	4	2	2	5	4	3	4	1	6	3	3	3	2	5	4	4	5	2	7	1
Y335	4	2	4	6	6	1	3	2	6	4	1	4	3	6	4	6	1	3	2	7	2	1	1	4	6	5	5	6	5	2	5	2	3	5	1	1	3	2	6	3	2	4	4	4	1	5	5	3	7	3
Y336	2	4	4	6	6	3	1	1	6	5	2	3	1	6	5	6	3	2	2	7	3	1	3	1	6	4	5	6	5	2	5	2	3	4	3	1	4	4	6	3	2	4	2	4	3	5	5	1	7	1
Y337	2	4	3	6	6	3	1	2	6	5	2	4	1	6	5	6	2	2	1	7	2	3	3	4	5	5	6	6	5	4	5	1	3	5	4	1	3	4	6	3	1	4	2	3	1	5	2	3	7	1
Y338	2	4	5	6	6	3	3	3	6	4	2	2	1	6	5	6	1	2	1	7	1	1	3	2	6	5	5	6	5	4	4	1	3	4	4	2	1	4	6	3	1	3	2	5	2	5	5	3	7	3
Y339	1	4	5	6	6	3	2	2	6	5	2	1	1	6	6	6	3	2	1	7	2	1	3	4	5	5	5	6	5	3	4	3	1	4	3	2	3	4	6	4	2	4	1	5	3	4	5	1	7	2
Y340	2	4	3	6	6	1	2	1	6	4	4	3	1	6	5	6	1	3	2	7	2	2	1	4	5	5	5	6	5	3	5	1	4	6	1	2	4	4	6	3	1	3	2	3	4	5	5	3	7	2
Y341	3	2	4	6	6	1	3	1	6	4	4	2	2	6	5	6	4	2	1	7	1	1	1	2	6	5	5	6	5	4	5	3	3	4	1	2	3	2	6	1	2	4	3	4	2	5	5	3	7	3
Y342	1	4	4	6	6	2	1	3	6	5	1	4	3	6	5	6	2	2	3	7	2	3	2	2	6	5	5	6	5	2	5	2	1	4	3	3	3	4	6	4	1	5	1	4	1	5	4	3	7	1
Y343	3	2	5	6	6	2	1	1	6	4	3	1	3	6	5	6	1	3	1	7	3	2	2	4	6	5	5	6	4	4	4	1	4	5	4	1	3	2	6	2	2	4	3	5	1	5	5	2	7	1
Y344	3	4	5	6	6	1	1	2	6	5	3	3	3	6	6	6	3	3	2	7	1	1	1	2	4	5	4	6	5	2	4	3	2	5	4	2	3	4	6	1	2	4	3	5	1	5	5	1	7	1
Y345	1	4	5	6	6	3	3	1	6	5	2	1	3	6	5	6	3	3	1	7	1	2	3	4	6	5	4	6	5	3	5	2	1	4	2	2	2	4	6	3	1	4	1	5	2	5	4	2	7	3
Y346	4	3	5	6	6	2	2	2	6	4	3	2	1	6	5	6	3	3	1	7	3	2	2	4	6	5	5	6	4	1	5	3	1	5	4	1	3	3	6	1	1	2	4	5	3	5	4	1	7	2
Y347	3	1	4	6	6	2	4	1	6	5	1	4	2	6	5	6	1	3	1	7	2	1	2	2	6	5	5	6	5	3	4	2	4	5	2	3	1	1	6	3	2	4	3	4	3	4	5	3	7	4
Y348	2	4	3	6	6	4	1	3	6	4	2	2	1	6	4	6	4	3	3	7	2	1	4	4	5	6	5	6	5	1	5	3	2	5	1	2	2	4	6	1	1	5	2	3	3	5	5	2	7	1
Y349	3	1	4	6	6	1	1	3	6	4	4	2	2	6	5	6	2	2	2	7	2	3	1	4	6	5	5	6	5	3	5	1	3	4	4	3	3	1	6	2	2	4	3	4	4	5	5	1	7	1
Y350	3	2	4	6	6	3	2	1	6	5	3	1	2	6	5	6	4	1	2	7	1	2	3	4	6	5	5	6	5	3	4	1	3	5	4	1	4	2	6	1	2	4	3	4	3	5	5	1	7	2
Y351	4	1	3	1	5	1	6	4	5	6	4	6	5	4	6	3	1	2	1	1	6	4	5	1	3	2	5	2	3	4	6	3	3	1	7	2	3	2	4	7	5	6	6	2	3	4	2	5	1	4
Y352	5	3	3	3	4	2	4	5	6	4	2	6	6	4	6	1	2	2	1	2	6	2	5	3	4	2	4	1	1	1	6	3	3	1	7	5	1	1	5	7	5	6	6	2	4	4	3	5	3	4
Y353	5	4	4	3	2	1	5	5	6	5	4	6	6	4	6	1	1	2	2	3	6	1	5	3	4	1	2	2	1	2	6	3	4	2	7	3	3	1	5	6	5	7	6	2	3	4	1	5	4	2
Y354	3	2	3	1	5	4	6	3	5	6	3	6	5	4	6	1	4	2	2	4	6	2	5	1	4	2	5	2	1	4	6	1	3	2	7	3	1	1	5	6	5	7	6	3	4	1	3	5	2	4
Y355	4	3	3	2	5	2	6	4	6	6	4	6	5	4	5	1	2	2	3	1	7	3	5	2	2	2	5	1	1	1	6	1	3	4	7	3	3	2	5	6	5	6	6	1	4	4	1	5	3	4
Y356	4	2	4	1	4	1	5	4	5	5	2	6	6	3	6	3	1	3	1	4	6	2	5	1	5	2	4	2	3	1	6	1	4	3	7	2	3	1	4	6	6	7	6	2	3	4	3	5	2	5
Y357	4	2	2	2	5	1	6	4	5	6	4	6	5	4	6	1	1	2	1	3	6	3	5	2	4	1	5	1	3	3	6	2	2	3	7	2	4	1	5	6	4	7	6	1	4	3	3	5	2	4
Y358	4	1	2	3	5	2	6	4	5	6	3	5	6	4	6	3	2	1	2	3	6	1	5	3	4	1	5	2	1	4	6	1	2	3	7	4	3	2	5	7	5	6	6	2	3	4	1	5	1	4
Y359	4	2	2	3	5	3	6	4	5	6	4	5	6	3	6	4	3	1	1	2	6	1	5	3	4	1	5	2	2	4	6	1	2	1	7	5	1	2	3	7	4	6	6	3	4	3	1	5	2	5
Y360	5	2	1	2	3	2	5	5	5	5	1	6	6	3	6	4	2	1	1	1	6	1	6	2	4	4	3	4	3	4	6	2	1	4	7	3	3	2	4	6	5	7	6	3	1	4	2	5	2	5
Y361	5	1	2	3	4	1	5	5	5	5	4	6	5	2	6	1	1	1	1	3	6	3	5	3	4	2	4	3	2	2	6	2	2	3	7	2	4	2	4	6	5	7	6	3	3	4	1	6	1	4
Y362	5	2	4	2	2	3	5	5	5	5	3	6	6	1	6	1	3	1	1	1	6	3	5	2	5	3	2	4	3	1	6	1	4	4	7	4	4	2	3	7	5	6	6	1	2	3	3	6	2	4
Y363	4	1	3	2	5	3	6	4	5	6	2	6	5	4	6	2	3	1	1	3	6	1	5	2	4	4	5	1	2	2	6	1	3	1	7	4	4	3	5	6	5	7	6	3	4	2	3	5	1	2
Y364	5	2	1	2	4	3	6	5	5	6	1	6	5	4	5	3	3	1	3	4	6	2	5	2	5	1	4	2	1	4	6	3	1	2	7	4	1	1	4	6	6	7	5	2	3	4	3	6	2	1
Y365	4	3	2	1	4	1	6	4	6	6	4	5	5	3	6	2	1	1	2	1	6	1	5	1	2	2	4	3	2	1	6	3	2	4	7	2	5	2	5	6	5	7	6	3	4	3	4	5	3	5
Y366	5	2	3	3	4	3	6	5	5	6	4	6	5	2	6	1	3	1	1	4	6	1	5	3	4	4	4	4	2	1	6	4	3	3	7	3	1	1	5	6	6	7	5	2	2	2	2	5	2	1
Y367	5	2	4	1	4	1	5	5	6	5	3	6	6	1	6	2	1	1	3	4	6	2	5	1	5	3	4	1	2	3	6	3	4	1	7	3	4	3	4	6	5	7	5	2	3	2	2	5	2	4
Y368	4	1	3	1	5	1	5	4	6	5	1	6	5	4	6	4	1	2	3	2	6	2	5	1	4	2	5	3	3	3	6	3	3	1	7	4	2	2	5	6	4	7	6	2	4	3	2	5	1	4
Y369	4	4	3	2	5	1	6	4	5	6	3	6	6	3	5	2	1	1	1	1	6	1	5	2	3	2	5	2	1	4	6	3	3	2	7	3	3	2	5	6	5	7	6	1	4	4	2	5	4	4
Y370	3	1	1	3	4	3	5	3	5	5	4	6	6	1	6	2	3	1	2	3	6	1	5	3	2	4	4	2	4	4	6	2	1	2	7	5	3	2	4	6	5	7	6	2	4	5	1	6	1	5
Y371	5	1	3	3	4	1	5	5	5	5	3	6	6	4	6	2	1	2	1	3	6	1	6	3	5	2	4	3	2	4	6	2	3	1	7	5	2	1	4	6	5	7	6	2	4	4	1	4	1	3
Y372	5	4	2	3	4	1	6	5	5	6	2	6	5	2	6	3	1	3	3	4	6	4	5	3	3	2	4	1	1	3	6	1	2	2	7	2	3	1	4	7	5	6	6	1	2	5	1	5	4	4
Y373	4	4	2	1	4	3	5	4	6	5	3	6	5	3	6	2	3	3	2	1	6	4	6	1	5	2	4	1	2	2	6	3	2	1	7	4	2	1	5	6	5	7	6	3	1	1	3	5	4	4
Y374	4	2	4	3	4	3	5	4	5	5	2	6	5	2	6	3	3	2	1	3	6	4	5	3	5	2	4	1	2	1	6	2	4	1	7	5	4	1	5	6	6	7	6	1	1	3	1	6	2	3
Y375	5	2	3	2	4	3	5	5	5	5	3	6	6	4	6	1	3	3	1	1	6	2	5	2	4	1	4	3	1	2	6	1	3	1	7	2	4	3	4	7	5	6	6	1	4	2	3	6	2	4
Y376	4	3	4	1	4	1	5	4	6	5	3	6	6	4	6	2	1	2	3	1	6	3	6	1	5	1	4	2	2	4	6	3	4	1	7	3	3	2	5	6	5	7	5	2	2	2	1	5	3	4
Y377	4	2	1	4	4	1	5	4	5	5	2	6	5	4	6	3	1	1	3	2	6	2	6	4	5	3	4	1	3	1	7	3	1	3	7	5	3	1	4	6	5	6	6	2	2	2	3	6	2	5
Y378	3	1	4	2	5	3	6	3	5	6	3	5	6	2	6	4	3	1	3	1	6	4	5	2	5	2	5	1	2	1	6	1	4	2	7	4	4	3	4	7	5	6	6	2	1	2	3	5	1	4
Y379	5	2	4	3	4	1	5	5	6	5	4	6	6	2	6	1	1	2	1	2	6	1	5	3	4	2	4	1	2	3	6	1	4	3	7	4	4	1	2	6	5	7	6	3	3	4	3	5	2	3
Y380	3	1	1	2	4	3	6	3	5	6	4	6	6	4	5	2	3	3	4	1	6	1	5	2	5	2	4	1	3	4	6	2	1	3	7	5	4	1	4	6	5	7	6	2	1	3	2	5	1	5
Y381	4	4	1	1	5	2	5	4	6	5	4	6	6	2	5	4	2	3	1	2	6	2	5	1	5	3	5	2	3	4	6	3	1	3	7	3	1	1	3	6	5	7	6	1	1	2	3	5	4	4
Y382	3	1	3	3	5	2	6	3	5	6	2	6	5	4	6	3	2	1	1	3	6	1	5	3	4	2	5	2	1	4	6	4	3	2	7	4	3	1	5	6	5	7	6	2	4	2	1	5	1	4
Y383	4	2	1	3	5	3	5	4	6	5	3	6	5	2	6	2	3	2	1	4	6	2	5	3	3	1	5	1	1	4	6	1	1	3	7	4	4	3	5	7	6	6	6	1	2	4	2	4	2	4
Y384	4	3	1	3	4	1	5	4	5	5	4	6	6	1	6	4	1	3	1	3	6	1	6	3	5	3	4	3	2	4	6	1	1	2	7	4	2	2	5	6	6	7	5	2	2	2	2	5	3	4
Y385	5	1	4	3	5	2	5	5	5	5	1	6	6	1	6	1	2	1	2	2	6	1	5	3	4	3	5	4	2	3	6	3	4	3	7	4	3	1	4	6	6	7	6	2	2	4	3	4	1	2
Y386	4	3	4	2	5	1	5	4	6	5	2	6	6	1	6	3	1	2	1	3	6	3	5	2	4	3	5	1	1	3	6	1	4	1	7	5	2	2	4	6	5	7	5	2	3	4	2	5	3	4
Y387	4	2	4	1	5	2	6	4	5	6	2	6	6	2	5	3	2	1	1	4	7	3	5	1	4	2	5	1	1	3	6	2	4	3	7	4	4	1	3	6	5	6	6	3	1	4	3	5	2	3
Y388	4	1	4	1	3	2	6	4	5	6	1	5	6	2	5	4	2	4	3	3	6	4	5	1	4	1	3	2	1	3	6	2	4	3	7	5	3	2	5	6	5	7	6	1	2	4	1	6	1	3
Y389	4	1	1	4	5	2	5	4	6	5	3	6	6	1	6	3	2	2	3	2	6	1	5	4	3	1	5	3	3	2	6	3	1	3	7	4	4	2	5	7	5	6	6	1	1	4	2	5	1	4
Y390	1	7	5	3	2	4	2	4	2	2	6	1	1	6	5	1	3	6	4	6	2	6	5	1	3	3	6	6	4	5	1	5	5	4	3	3	3	4	5	1	4	6	3	2	4	2	1	7	2	5
Y391	1	6	5	3	1	5	1	4	4	4	6	3	3	6	5	3	2	6	5	6	2	7	5	4	3	4	6	6	1	3	1	2	6	4	2	3	2	3	3	1	5	5	2	2	1	1	2	7	4	5
Y392	1	7	5	3	2	5	2	4	2	4	6	1	3	6	5	2	4	6	5	6	3	6	5	2	1	1	6	6	4	5	1	4	5	1	4	3	3	4	1	2	3	6	1	3	4	2	3	7	2	5
Y393	2	7	4	3	1	5	1	5	3	4	6	2	1	6	4	3	3	6	5	5	1	6	5	1	2	1	6	6	4	5	2	5	5	4	3	3	2	4	4	2	4	6	3	1	2	2	1	7	3	6
Y394	3	7	5	1	1	4	1	5	2	4	6	3	2	6	5	4	3	6	4	5	2	6	5	3	1	1	6	6	4	4	3	2	6	2	4	1	3	3	4	2	5	6	4	3	2	2	1	7	1	5
Y395	3	6	3	4	1	5	1	5	1	1	6	3	2	6	3	4	4	6	5	5	2	6	5	1	3	3	7	6	4	4	3	2	6	2	2	4	4	5	1	4	3	6	2	1	5	1	1	7	2	5
Y396	3	6	5	2	1	3	1	3	1	3	6	1	2	6	5	4	4	6	3	6	2	7	5	3	2	1	6	5	4	5	3	5	5	4	4	2	1	2	5	3	1	6	2	2	4	1	4	7	4	6
Y397	3	7	4	4	3	1	3	5	3	2	6	2	2	6	4	4	2	6	1	5	1	6	5	2	1	1	6	6	2	5	3	5	5	4	2	4	4	5	1	3	5	6	1	1	4	3	3	7	1	6
Y398	1	7	5	3	1	4	1	5	1	2	6	2	1	6	5	2	5	6	4	6	1	6	5	3	1	3	6	6	4	5	1	3	5	4	4	3	3	4	4	2	2	6	3	2	4	3	2	7	2	5
Y399	2	6	3	3	4	4	4	4	3	4	6	1	1	6	3	2	5	6	4	5	1	7	6	4	2	1	7	6	5	5	2	2	5	1	3	3	1	4	5	2	2	5	2	1	2	1	3	6	3	6
Y400	1	6	4	2	1	3	1	4	4	1	6	2	1	6	4	3	5	6	3	5	2	6	5	1	3	3	7	6	3	5	1	5	5	2	4	2	1	5	2	2	3	6	2	3	4	4	4	7	4	6
Y401	1	6	5	2	3	3	3	3	2	4	6	4	1	6	5	3	2	6	3	5	3	6	6	1	1	2	7	5	3	5	1	4	5	2	4	2	4	5	4	2	5	6	1	2	4	1	3	7	1	6
Y402	1	6	5	2	3	5	3	3	3	4	6	3	2	6	5	2	4	6	5	6	3	6	4	2	2	2	7	6	1	5	1	5	5	1	4	2	4	4	3	4	2	5	1	1	4	1	1	7	3	6
Y403	1	7	5	3	4	2	4	2	3	4	6	3	3	6	5	4	3	6	2	6	1	6	5	2	1	3	6	6	2	5	1	4	5	4	4	3	2	4	5	2	5	6	1	1	3	1	1	7	2	5
Y404	2	7	5	2	2	5	2	5	3	4	6	1	1	6	5	3	3	6	5	5	2	6	5	1	3	1	6	6	3	2	2	4	4	1	4	2	4	5	3	1	4	6	1	1	4	3	3	7	4	6
Y405	1	7	4	4	3	5	3	4	2	4	6	2	2	6	4	3	5	6	5	6	1	6	5	1	3	1	6	6	2	2	1	4	5	3	3	4	4	5	1	2	4	6	1	1	3	2	3	7	2	5
Y406	1	7	3	4	2	4	2	4	1	4	6	3	1	6	3	3	5	6	4	5	4	6	5	3	1	1	6	6	5	5	1	4	5	2	3	4	1	5	5	3	2	6	2	3	2	1	1	7	2	6
Y407	3	6	4	3	2	5	2	5	2	3	6	3	1	6	4	1	1	6	5	6	1	7	5	2	2	1	6	6	4	5	3	5	5	4	2	3	4	4	4	1	4	6	2	1	2	2	1	7	3	5
Y408	2	7	3	3	1	5	1	5	2	2	6	3	1	6	3	4	2	6	5	6	4	7	5	1	2	3	6	6	4	5	2	3	6	1	3	3	4	5	4	1	4	5	1	1	4	3	2	6	2	5
Y409	1	6	4	3	1	5	1	5	1	2	6	2	1	6	4	4	4	6	5	5	3	7	5	2	3	3	6	6	2	5	1	2	5	3	3	3	4	4	4	1	5	6	2	1	3	2	2	7	4	6
Y410	3	7	5	4	1	4	1	4	1	2	6	2	2	6	5	3	4	6	4	6	2	6	5	3	2	1	6	6	5	4	3	3	5	3	2	4	1	5	4	2	5	5	1	1	1	1	3	7	3	6
Y411	3	7	4	2	3	5	3	4	3	3	6	2	1	6	4	4	5	6	5	5	1	6	5	1	1	1	6	6	5	3	3	4	6	2	2	2	2	3	4	1	5	5	1	1	4	4	2	7	2	6
Y412	3	7	4	4	1	5	1	3	2	2	6	1	2	6	4	3	4	6	5	5	2	6	5	1	1	1	6	6	3	5	3	5	5	4	1	4	3	3	4	2	5	6	1	2	4	2	2	7	3	6
Y413	3	7	3	2	1	5	1	5	1	4	6	1	3	6	3	4	5	6	5	5	4	7	5	2	4	3	6	6	2	5	3	2	5	3	3	2	4	2	4	4	1	6	2	1	4	1	1	6	2	6
Y414	2	6	4	1	1	5	1	5	2	4	6	4	3	6	4	4	2	6	5	5	3	7	5	1	3	1	7	6	4	5	2	3	5	4	2	1	4	4	3	1	3	6	1	1	2	3	3	6	2	6
Y415	3	7	5	1	2	4	2	5	1	5	6	1	2	6	5	3	4	6	4	6	4	6	5	2	2	3	6	6	1	5	3	3	5	4	2	1	4	2	3	3	4	6	1	1	4	2	1	7	3	5
Y416	2	7	4	3	1	5	1	5	1	3	6	4	1	6	4	1	5	6	5	6	3	6	5	2	3	1	6	6	4	5	2	3	5	4	3	3	1	2	4	3	4	5	1	2	4	2	2	7	2	6
Y417	3	7	4	2	1	5	1	5	2	4	6	3	3	6	4	4	1	6	5	6	3	6	4	2	3	2	6	5	3	2	3	5	6	4	2	2	5	3	5	2	4	5	1	1	1	4	1	7	1	6
Y418	1	7	5	4	3	5	3	1	1	3	6	2	2	6	5	3	3	6	5	5	3	6	5	2	2	3	6	6	3	4	1	1	5	2	2	4	2	5	3	2	4	6	4	1	4	4	1	7	1	6
Y419	3	7	4	4	1	5	1	5	5	1	6	1	2	6	4	1	5	6	5	5	2	6	5	3	2	1	6	6	4	3	3	2	5	2	4	4	2	2	4	3	3	6	3	4	3	1	2	7	1	6
Y420	1	7	5	3	1	4	1	5	4	4	6	2	3	6	5	2	2	6	4	5	4	6	2	3	2	1	6	6	2	5	1	3	6	3	4	3	4	4	3	1	5	6	1	2	5	1	2	7	3	5
Y421	1	7	5	3	3	5	3	2	2	4	6	4	3	6	5	3	2	6	5	5	2	6	4	3	3	1	6	6	2	5	1	4	5	4	1	3	2	4	4	1	5	6	1	2	1	3	2	7	1	6
Y422	2	6	5	3	1	2	1	5	3	3	6	3	1	6	5	2	4	6	2	5	2	6	5	1	1	1	7	6	4	5	2	4	5	1	4	3	2	3	5	4	3	6	4	2	4	1	2	7	4	6
Y423	2	7	5	3	1	4	1	5	3	4	6	1	2	6	5	3	4	6	4	5	1	6	4	2	3	2	7	6	3	5	2	3	6	1	4	3	4	5	1	1	5	5	3	2	4	1	2	6	2	6
Y424	1	7	5	2	1	4	1	5	4	3	6	2	2	6	5	3	3	6	4	6	4	6	4	2	2	3	6	5	4	5	1	3	6	4	3	2	3	5	1	2	5	6	1	1	2	3	4	7	1	5
Y425	2	7	5	2	1	4	1	5	3	3	6	1	4	6	5	4	3	6	4	5	1	6	5	1	1	4	6	6	4	3	2	4	5	2	2	2	4	1	4	2	5	6	2	3	3	1	2	7	3	6
Y426	1	7	2	5	1	4	1	3	1	4	6	2	3	6	2	2	4	6	4	6	2	6	5	4	1	2	6	5	5	5	1	3	6	4	3	5	4	3	2	3	5	6	1	4	3	1	2	7	3	5
Y427	2	7	5	2	3	5	3	4	1	1	6	4	2	6	5	4	4	6	5	6	3	6	4	3	1	2	6	6	4	3	2	5	5	2	4	2	3	3	4	1	5	6	1	2	1	2	1	7	1	5
Y428	2	7	3	4	3	5	3	2	3	5	6	4	1	6	3	3	4	6	5	5	2	6	5	1	2	1	6	6	4	5	2	5	6	1	2	4	1	4	1	2	4	5	3	2	3	1	1	7	3	6
Y429	3	2	3	1	3	2	6	6	6	3	1	3	6	4	2	5	1	2	4	2	5	5	3	4	3	1	1	4	2	5	4	5	3	5	5	6	1	6	1	4	7	2	4	6	5	1	6	2	4	7
Y430	4	2	4	3	3	2	6	5	6	1	1	4	5	5	2	2	1	2	2	3	5	6	4	5	1	3	1	2	3	5	2	4	3	6	5	6	3	6	1	3	7	1	4	6	5	3	6	1	4	7
Y431	4	1	2	1	2	1	6	5	7	3	1	2	5	4	1	5	1	3	5	2	5	6	4	4	1	1	3	4	2	6	4	5	2	3	5	6	3	6	2	4	6	1	4	6	5	3	6	1	3	7
Y432	3	1	3	2	1	1	6	6	7	4	3	3	5	4	1	4	3	4	5	2	5	5	3	4	3	2	2	1	1	6	5	5	1	5	3	6	4	6	2	4	6	2	2	6	5	4	6	1	2	7
Y433	2	2	4	1	3	2	5	6	7	3	1	4	5	3	2	3	3	1	5	1	4	6	2	5	1	1	1	4	3	6	5	5	3	4	4	6	1	6	3	4	7	2	4	5	6	2	6	2	5	6
Y434	4	2	5	3	1	2	5	6	6	4	4	5	6	2	2	2	4	4	5	2	5	6	4	4	2	3	1	2	1	6	4	1	1	5	3	6	2	6	3	3	7	1	2	5	5	1	6	3	1	7
Y435	2	2	4	4	1	2	5	6	6	3	1	4	6	4	2	5	2	1	4	3	5	6	2	3	2	4	1	2	4	6	2	3	1	5	3	6	2	6	3	5	7	4	5	5	5	1	6	1	1	7
Y436	3	1	2	2	2	1	4	6	6	1	1	2	6	5	1	4	4	2	3	1	5	5	3	5	4	2	3	2	1	6	6	5	2	5	5	6	3	6	3	4	7	3	4	4	5	4	6	1	3	7
Y437	1	3	2	2	4	3	5	6	7	5	1	2	6	4	3	4	1	2	5	1	4	5	1	2	3	2	4	3	3	6	5	5	4	5	4	6	2	6	1	3	6	2	4	5	5	1	6	1	3	7
Y438	2	3	4	1	3	3	4	6	6	2	1	4	6	5	3	5	1	2	2	1	5	6	2	5	1	1	2	2	3	6	4	5	3	5	5	6	3	6	1	3	7	3	4	4	5	1	6	2	4	7
Y439	4	3	1	2	1	3	5	6	6	4	3	1	6	4	3	5	2	1	4	2	5	6	4	5	1	2	3	2	3	6	5	4	1	5	2	6	2	6	3	3	7	1	4	5	5	4	6	2	1	7
Y440	2	2	1	1	3	2	5	5	7	1	1	1	6	5	2	5	4	2	5	1	6	6	2	2	3	1	2	1	4	6	5	5	3	4	4	6	4	6	3	3	6	4	3	5	4	3	6	4	3	7
Y441	3	1	3	4	1	1	5	6	6	2	3	3	5	5	1	5	3	2	3	3	5	6	3	4	1	4	2	1	2	6	4	5	1	5	4	6	1	6	2	4	7	1	4	5	6	2	6	1	3	7
Y442	4	1	5	2	2	1	6	5	6	4	3	5	6	5	1	4	2	2	1	2	4	5	4	5	1	2	1	3	1	6	2	4	2	5	3	6	1	6	3	3	7	4	3	6	5	3	6	3	4	7
Y443	2	2	4	1	1	2	5	6	6	3	2	4	6	3	2	4	2	1	5	3	5	6	2	5	1	1	3	4	3	6	4	4	1	5	5	7	1	6	1	3	6	2	4	5	5	3	6	2	4	7
Y444	1	1	5	3	3	1	5	6	6	1	3	5	6	4	1	5	2	2	4	2	6	5	1	4	2	3	1	2	2	6	4	1	3	4	4	6	3	6	2	4	7	3	5	5	5	3	6	2	4	7
Y445	2	2	4	3	3	2	6	5	7	4	2	4	6	5	2	5	2	4	4	1	5	6	2	5	1	3	4	2	2	5	1	1	3	3	4	6	4	6	2	1	6	1	4	6	5	1	6	1	3	7
Y446	1	3	4	2	1	3	6	5	6	4	1	4	6	5	3	2	2	2	4	2	5	5	1	4	3	2	3	4	1	6	5	2	1	5	5	7	4	6	1	3	6	2	3	6	5	1	6	2	4	7
Y447	2	4	2	1	1	4	5	6	7	5	2	2	6	5	4	4	3	4	2	1	4	6	2	5	1	1	3	3	1	6	5	3	1	4	5	6	4	6	3	3	6	1	2	5	5	2	5	3	2	7
Y448	1	3	4	3	1	3	5	6	6	2	1	4	6	5	3	5	3	1	4	2	4	6	1	5	2	3	1	4	3	6	2	2	1	5	4	6	3	6	2	2	7	3	5	5	5	1	6	2	4	7
Y449	2	4	1	3	1	4	5	6	6	1	2	1	6	5	4	5	4	3	4	3	5	6	2	2	3	3	3	2	1	6	5	4	1	2	5	6	2	6	1	3	7	1	3	5	5	2	6	4	4	7
Y450	2	3	2	4	1	3	5	6	7	3	2	2	6	4	3	5	1	4	4	1	5	6	2	5	2	4	3	4	1	6	3	1	1	5	5	6	1	6	3	4	6	2	4	5	5	2	6	1	2	7
Y451	2	1	4	3	3	1	5	6	6	4	1	4	6	5	1	5	2	1	5	2	6	6	2	2	3	3	1	4	1	5	4	4	3	4	2	6	3	6	3	5	7	1	2	5	5	2	6	3	4	7
Y452	4	1	3	1	2	1	6	5	7	2	3	3	6	4	1	5	1	3	5	3	5	5	4	4	1	1	3	4	3	6	5	2	2	5	4	6	2	6	3	2	6	1	4	6	5	2	6	2	4	7
Y453	1	2	2	3	1	2	5	6	6	1	4	2	6	3	2	4	3	4	5	3	5	6	1	5	1	3	1	3	1	6	4	5	1	5	4	7	3	6	2	2	6	4	3	5	5	1	6	4	4	7
Y454	2	1	5	4	3	1	5	6	7	4	2	5	5	5	1	3	3	1	4	2	5	6	2	4	3	4	2	2	1	6	5	3	3	6	4	6	3	6	1	3	6	1	3	5	4	2	6	1	2	7
Y455	1	4	2	1	3	4	6	6	7	3	4	2	5	4	4	3	1	2	2	3	5	5	1	5	2	1	1	1	3	6	5	4	3	5	4	6	1	6	3	4	6	3	2	6	5	1	6	2	5	7
Y456	2	1	4	3	1	1	5	6	7	2	2	4	5	5	1	4	1	3	4	3	6	6	2	5	2	3	2	4	1	6	3	4	1	5	3	6	2	6	3	4	6	1	5	5	5	3	6	1	4	7
Y457	3	1	5	1	3	1	6	6	7	4	2	5	5	4	1	4	3	1	2	4	6	5	3	5	2	1	1	4	2	5	3	4	3	5	4	6	3	6	3	2	6	2	2	6	5	2	6	1	4	7
Y458	2	2	5	1	3	2	6	6	6	1	4	5	6	4	2	4	2	1	4	2	4	4	2	5	1	1	2	3	1	5	3	4	3	5	5	7	3	6	3	4	6	1	5	6	5	1	6	3	3	7
Y459	4	1	4	2	3	1	3	6	7	2	4	4	6	4	1	2	2	3	5	3	5	5	4	5	3	2	1	1	1	6	5	5	3	6	4	6	1	6	2	2	6	1	2	3	5	4	6	3	5	7
Y460	4	1	3	3	1	1	5	6	7	1	3	3	6	2	1	4	2	2	4	3	4	6	4	5	3	3	3	1	2	6	5	4	1	5	5	6	1	6	1	2	6	1	4	5	5	3	6	2	5	7
Y461	1	3	3	1	3	3	5	6	6	4	2	3	6	5	3	4	1	4	5	1	6	5	1	5	1	1	3	3	2	6	2	4	3	6	4	7	2	5	2	1	6	2	2	5	5	4	6	2	4	7
Y462	2	1	4	3	3	1	4	5	6	2	2	4	6	5	1	4	1	1	5	1	5	6	2	3	1	3	1	4	2	6	4	2	3	6	5	6	4	6	3	4	7	2	5	4	5	3	6	3	2	7
Y463	1	3	5	1	2	3	6	6	6	2	2	5	6	4	3	4	2	3	4	1	5	6	1	4	1	1	2	2	2	5	4	4	2	5	5	6	3	6	3	1	7	1	4	6	5	3	5	3	4	7
Y464	2	2	4	3	1	2	5	6	6	4	1	4	6	2	2	3	2	4	4	3	6	5	2	5	3	3	1	1	1	6	4	5	1	5	3	7	3	6	1	4	6	3	4	5	5	1	6	2	5	7
Y465	2	2	4	3	1	2	5	6	6	4	3	4	5	5	2	4	1	2	5	3	5	6	2	5	1	3	2	4	1	6	3	4	1	4	5	7	2	6	1	3	6	2	3	5	6	1	6	1	3	7
Y466	3	1	4	3	1	1	5	6	6	3	3	4	6	5	1	5	2	1	4	2	5	6	3	5	2	3	1	2	2	6	4	4	1	5	4	7	2	6	3	3	6	2	4	5	5	3	6	2	1	7
Y467	1	3	4	1	1	3	6	6	7	2	1	4	5	5	3	5	3	4	3	2	5	5	1	4	2	1	2	3	3	6	5	4	1	5	4	6	2	6	2	2	6	1	5	6	4	3	6	2	4	7
Y468	1	3	6	4	6	4	4	4	5	3	1	5	7	3	3	6	1	7	2	3	2	3	2	5	6	1	3	5	5	1	6	5	5	6	3	4	2	6	1	2	4	2	4	2	1	2	4	1	5	6
Y469	2	5	5	1	6	1	2	1	2	6	1	4	7	1	3	6	3	7	2	1	3	5	4	4	5	5	3	6	5	2	6	5	4	6	3	3	3	6	4	4	2	1	4	1	2	4	2	3	5	6
Y470	5	4	5	3	6	3	2	1	4	6	2	5	7	1	5	6	2	7	1	2	1	4	4	4	5	5	4	5	2	5	6	4	1	6	3	3	2	6	1	1	1	3	4	3	3	2	2	3	5	6
Y471	2	5	6	1	6	1	2	3	4	6	3	5	7	3	4	5	1	6	3	1	4	5	3	5	6	5	4	6	5	2	5	4	3	7	4	4	2	6	1	2	1	3	2	4	3	1	2	1	2	6
Y472	4	5	6	2	6	2	3	1	3	5	2	5	7	1	1	5	2	7	2	1	2	5	3	5	6	4	1	6	6	4	5	5	4	6	4	2	3	6	3	3	1	1	4	2	4	4	3	3	1	6
Y473	4	5	6	4	6	4	3	1	4	5	4	5	7	1	3	5	1	7	2	1	2	5	5	5	6	2	2	6	3	4	6	3	3	6	2	4	1	6	2	4	3	2	2	1	1	3	3	1	5	6
Y474	3	5	6	1	6	1	2	1	4	5	2	5	7	2	3	6	3	7	3	2	1	5	4	5	6	4	4	6	5	3	4	5	2	6	5	4	4	6	3	2	3	3	1	2	1	1	2	1	4	6
Y475	3	4	5	4	6	4	3	1	2	6	1	5	7	1	5	6	3	6	2	1	2	4	2	5	5	5	3	6	3	3	6	4	5	7	1	4	1	6	3	1	2	2	4	1	2	4	3	2	5	6
Y476	4	2	6	4	6	4	4	1	2	3	3	5	7	1	5	6	3	7	2	4	1	2	3	5	6	5	1	6	5	4	5	5	5	6	3	1	2	6	2	1	3	2	3	1	1	3	4	2	4	6
Y477	3	4	6	1	6	1	4	1	2	4	2	5	7	3	5	6	3	6	1	1	4	4	4	5	6	2	5	6	2	3	5	5	4	7	2	1	2	6	4	3	1	1	2	2	3	3	4	3	5	6
Y478	1	5	6	1	6	1	4	2	2	6	1	5	7	3	5	5	2	6	3	3	2	5	4	5	6	5	1	6	4	1	5	3	4	7	2	4	1	6	1	1	3	2	4	4	2	3	4	3	3	6
Y479	5	3	6	3	6	3	1	1	2	5	4	4	7	1	2	6	2	6	2	3	4	3	2	2	6	2	4	5	5	5	6	5	1	7	3	5	1	6	1	4	4	3	4	3	3	2	1	1	5	6
Y480	2	5	5	1	6	1	1	4	2	6	2	4	7	1	4	6	1	7	1	1	1	5	3	5	5	4	5	6	5	2	4	2	5	6	2	4	3	6	3	3	4	3	4	3	3	3	1	2	5	6
Y481	2	4	6	1	6	1	1	3	4	4	2	5	7	3	4	6	3	7	3	4	1	4	2	6	6	4	4	5	5	2	5	5	5	6	2	3	1	6	1	2	1	3	2	3	3	4	1	2	5	6
Y482	2	5	6	1	6	1	1	2	5	5	3	5	7	1	4	6	2	6	3	3	2	5	4	3	6	5	1	6	5	2	5	3	2	7	4	4	3	6	1	3	3	1	4	2	4	4	1	2	4	6
Y483	5	4	6	3	6	3	3	2	3	6	1	5	7	1	2	6	4	7	2	2	4	4	4	5	6	5	3	5	4	5	5	1	4	6	1	2	1	6	3	3	1	1	4	2	2	1	3	2	5	6
Y484	5	3	6	1	5	1	3	4	3	6	1	5	7	2	5	6	1	7	4	3	1	3	4	2	6	2	4	5	4	5	6	5	2	6	3	1	2	6	1	2	4	4	3	2	2	1	3	4	5	5
Y485	4	5	6	1	5	1	3	4	2	6	1	5	7	1	5	6	2	7	2	4	3	5	3	5	6	3	3	6	4	4	6	4	4	6	4	2	1	6	2	2	2	1	1	3	3	1	3	2	5	5
Y486	1	5	6	4	6	4	4	3	1	5	1	5	7	3	5	6	3	6	3	1	2	5	3	4	6	3	4	6	5	1	5	4	5	7	2	3	2	6	1	1	2	1	2	1	2	2	4	3	4	6
Y487	3	5	5	1	6	1	3	1	3	6	3	5	7	1	5	6	1	7	3	2	2	5	5	4	5	4	2	6	4	3	4	2	5	6	2	4	3	6	2	1	1	2	4	4	2	4	3	1	5	6
Y488	3	4	5	1	6	1	4	1	3	4	1	4	7	3	2	6	4	7	3	2	2	4	3	5	5	5	5	6	5	3	6	2	5	6	2	2	3	6	2	1	4	2	3	1	1	1	4	3	5	6
Y489	3	4	6	1	6	1	3	3	5	5	2	5	7	1	4	6	3	7	4	2	4	4	4	5	6	5	2	5	5	3	6	2	5	6	3	4	3	6	1	1	1	2	2	1	4	1	3	2	2	6
Y490	4	5	6	2	6	2	1	2	2	6	3	4	7	4	4	5	1	6	2	3	3	5	4	5	6	5	2	6	4	4	5	3	4	7	1	4	1	6	3	3	3	1	2	1	1	2	1	3	5	6
Y491	4	5	6	1	6	1	1	2	4	5	1	5	7	3	2	6	3	6	3	1	4	5	2	5	6	4	2	6	5	4	5	1	3	7	3	4	2	6	3	3	2	3	4	2	2	1	1	4	4	6
Y492	5	3	6	1	6	1	3	2	1	5	2	6	7	1	4	6	1	6	1	2	4	3	1	3	6	5	3	5	4	5	5	4	5	7	2	3	2	6	1	2	1	4	3	3	4	4	3	2	5	6
Y493	4	5	5	3	6	3	1	3	1	6	3	6	7	1	4	6	2	7	4	3	2	5	3	5	5	2	1	5	4	4	6	5	5	6	4	4	2	6	2	1	2	1	2	1	3	4	1	3	2	6
Y494	2	2	5	1	6	1	4	2	1	6	3	5	7	3	4	6	1	6	1	1	4	2	5	5	5	4	3	6	5	2	6	5	4	7	3	4	4	6	2	2	3	1	1	3	3	3	4	2	5	6
Y495	4	5	6	1	6	1	3	2	4	5	2	5	7	1	2	6	2	7	3	4	4	5	3	5	6	5	2	4	4	4	6	5	5	6	2	1	1	6	3	2	1	3	1	3	1	2	3	3	4	6
Y496	4	5	6	3	6	3	1	1	2	5	2	5	7	2	5	6	4	6	2	3	3	5	3	3	6	5	2	6	5	4	5	2	4	7	1	3	1	6	4	1	2	1	4	2	3	4	1	1	4	6
Y497	1	3	6	4	5	4	1	2	3	6	2	5	7	1	5	6	3	7	1	2	2	3	4	2	6	5	5	6	5	1	6	4	2	6	4	1	2	6	3	4	2	3	4	3	1	4	1	3	5	5
Y498	3	4	6	2	6	2	4	1	5	5	3	3	7	1	5	6	2	6	1	4	3	4	2	5	6	5	1	6	5	3	5	5	4	7	3	1	1	6	2	2	2	4	1	3	3	2	4	1	4	6
Y499	4	5	6	4	6	4	1	3	3	4	2	3	7	2	5	5	1	7	2	1	1	5	3	5	6	5	5	6	5	4	6	4	4	6	2	1	3	6	2	1	2	2	3	3	3	2	1	1	4	6